5.676683760170344151e+00,5.042945824981046599e+00
3.225253950040664730e+00,4.922413609148903468e+00
2.574639148626698404e+00,3.719138418474730035e+00
2.368675915784467012e+00,3.205174798141449344e+00
2.273382366100834329e+00,2.952267929144299252e+00
2.206486325433218543e+00,2.799496321026231360e+00
2.320446992791235452e+00,3.449613046410228812e+00
2.244210152185305063e+00,2.859991512167814331e+00
2.165396082842696135e+00,2.584521627288625556e+00
2.086030014609380423e+00,2.424344590512637065e+00
2.011635384887946021e+00,2.310508956242210310e+00
2.108525079831941706e+00,3.175061982140340078e+00
2.340691361810451454e+00,3.864574191850733698e+00
2.265533337440204242e+00,2.873733765831153697e+00
2.177787968709949507e+00,2.462477023319030955e+00
2.092423816060562380e+00,2.265287701200899839e+00
2.012455579991807131e+00,2.148094832517600583e+00
2.062378314816859515e+00,2.511722428970307952e+00
1.997441580594929267e+00,2.215903364451180746e+00
1.926703812073927047e+00,2.065029008391028764e+00
1.858304392061480126e+00,1.960977609612581496e+00
1.793812646918918174e+00,1.880288743882407632e+00
1.730625346441007739e+00,1.797553314314594308e+00
1.915275807554363885e+00,2.429085437967241301e+00
1.893153883539907989e+00,2.171247872588332850e+00
1.688128732335650417e+00,1.859423499169991834e+00
2.119006753403812837e+00,3.092501002091406992e+00
2.171344090658066772e+00,2.767969333332394033e+00
2.140393711971509294e+00,2.570676756652939154e+00
2.066523258143407649e+00,2.315479747490379658e+00
1.993771365640030879e+00,2.177009774833826850e+00
2.094587115087342077e+00,2.693128203866095305e+00
2.026538392946042766e+00,2.305188776345654666e+00
1.916965533546791001e+00,2.063834076975886500e+00
1.826474960701544248e+00,1.923528526436382613e+00
1.749213529563530933e+00,1.826359633656213122e+00
1.675918565673615301e+00,1.744983488154155937e+00
1.613229082028643901e+00,1.680074785512237545e+00
1.550438187484962649e+00,1.611343782662871149e+00
1.488606508647271731e+00,1.545218962649654193e+00
1.430524629014637394e+00,1.482478843594890572e+00
1.376358434108389428e+00,1.423135993325043369e+00
1.325662153103247087e+00,1.366904144012600186e+00
1.276268219417301841e+00,1.312206208494287374e+00
1.231433374406148973e+00,1.261280527230846493e+00
1.201291376722998017e+00,1.232496382152627135e+00
1.162924722618646101e+00,1.190607835242409873e+00
1.115054473671119428e+00,1.143229189917209565e+00
1.068635295345755409e+00,1.100024511163247176e+00
1.035406330531756236e+00,1.060247913954186716e+00
1.006185264637550203e+00,1.023957086685095996e+00
9.786628404043943297e-01,9.896889306498733996e-01
9.513166950732699911e-01,9.867842947683663768e-01
9.478447325130862078e-01,9.954691960976161935e-01
9.473843118523227469e-01,1.004962746527613859e+00
1.013388104340981810e+00,1.090564919359780172e+00
1.008859806279839955e+00,1.085335095684234252e+00
9.877515736886316455e-01,1.061744877722397451e+00
9.836372700652561418e-01,1.061080983216053930e+00
9.631562844404901735e-01,1.022244956852844000e+00
9.213086469497604458e-01,9.726350832018850756e-01
8.864495962333378554e-01,9.294929442008291742e-01
1.024473264805558559e+00,1.086054063053466079e+00
1.140713674120066079e+00,1.248909663220486799e+00
9.682462066677121060e-01,1.112770297373581352e+00
9.015070704214219743e-01,1.034639154396450822e+00
8.565012359012212917e-01,9.756650668220261391e-01
9.072805918300604899e-01,1.030766311457441464e+00
8.790988269078774398e-01,1.035304034739084500e+00
8.551230588128626575e-01,1.011026620452347480e+00
8.427156765823560214e-01,9.935522452686973427e-01
8.088021749479353817e-01,9.535754429287940370e-01
7.712766332070501996e-01,9.081783042313581467e-01
7.343685987630178547e-01,8.622906062607903488e-01
6.968165719549606063e-01,8.159428544916145221e-01
7.217770283959775712e-01,8.389698406885399695e-01
7.159335216306875749e-01,8.347247037308952455e-01
7.006009864504989526e-01,8.150863155849416009e-01
6.653712293879775475e-01,7.767022820333402411e-01
6.271993244785136756e-01,7.329917949922392095e-01
6.058558112212631963e-01,6.960760663768695844e-01
5.763918002211745328e-01,6.554313148451328397e-01
5.427182443088475194e-01,6.148549179312172708e-01
5.193650711893836869e-01,5.834996436217617655e-01
4.963596153365731900e-01,5.694588980768072739e-01
4.744976087577304491e-01,5.640923055840444400e-01
4.600471864326394766e-01,5.505118376274330538e-01
4.399824343599205156e-01,5.280957621168419491e-01
4.355550280562475174e-01,5.195981547107652032e-01
4.186374095644187499e-01,4.999602568237178080e-01
4.029834126498387237e-01,4.801752827329839324e-01
4.087391949796806423e-01,4.827031093538821094e-01
4.326301330204714302e-01,5.066594594882929403e-01
4.253258145112470134e-01,5.014361747923582469e-01
4.102647123992290146e-01,4.856930136631462114e-01
3.984246651270802464e-01,4.711047750402084233e-01
3.878636943264171522e-01,4.560975292985984808e-01
3.778146311479615438e-01,4.395869681804490114e-01
3.641785547461970918e-01,4.177366512092052786e-01
3.480205183629670462e-01,3.964842414104384205e-01
3.302952404901902117e-01,3.749012811461796546e-01
3.113208476642333467e-01,3.526954326768630410e-01
2.935840242118429311e-01,3.316378543584502236e-01
2.756425693097959706e-01,3.107963195856439653e-01
2.643226379478210153e-01,2.953914774613597971e-01
2.502214359682014000e-01,2.788032166435105985e-01
2.319858899933071594e-01,2.770914149907030555e-01
2.148442063588613393e-01,2.738299423284147327e-01
2.065697603416573602e-01,2.670831293494020375e-01
1.983326341500621925e-01,2.541348822701205989e-01
1.859486411483767254e-01,2.383232583696517359e-01
2.262725824394681839e-01,3.078917755214016783e-01
4.837699881423062065e-01,5.922032394852868586e-01
1.014155423680120238e+00,1.216473083023912771e+00
1.143107668874692839e+00,1.501920799508214888e+00
1.145527840905589345e+00,1.531380838620033824e+00
1.113044603017338208e+00,1.491411484586582903e+00
1.113695561532279221e+00,1.511609877771067811e+00
1.063778731084930262e+00,1.414622135467623387e+00
1.030929241441172151e+00,1.347780503662446616e+00
9.729848413083416192e-01,1.268767000269433121e+00
1.098275683783212608e+00,1.456055409774396514e+00
1.130266919969731942e+00,1.485276291035928509e+00
1.223673750372570312e+00,1.666706656499925554e+00
1.319908470108581255e+00,1.870649384481713584e+00
1.292023850040345812e+00,1.730409560296996219e+00
1.258892945371301808e+00,1.612678247328024117e+00
1.183603733302253103e+00,1.500464326093911227e+00
1.507240980877447400e+00,2.169949712303419265e+00
1.940526957530872787e+00,3.637168449704208051e+00
1.982498710352748050e+00,3.100547918475802689e+00
1.899754692987283944e+00,2.618820300152811864e+00
1.826572149939451606e+00,2.250478405422818184e+00
1.710709664694544774e+00,2.019481718752472954e+00
1.603785897084998080e+00,1.866845241282177437e+00
1.792697511940429367e+00,2.690527336470192488e+00
2.000652869155702174e+00,3.432374737079140203e+00
2.073538012941251285e+00,3.332001596324589254e+00
2.003094263687815513e+00,2.548384978556552660e+00
1.861759140628661990e+00,2.152648912910753332e+00
1.699546659435960727e+00,1.903260206197924020e+00
1.556391905732589676e+00,1.725855947360787512e+00
1.487910175481791830e+00,1.780665694209380590e+00
1.648165682675681420e+00,2.240707120085620563e+00
1.590439617368027747e+00,1.964813266563791405e+00
1.500333411050104315e+00,1.796289305168345729e+00
1.382358842758287132e+00,1.639794398669413678e+00
1.319914024920341156e+00,1.525577413290258422e+00
1.217413646901802649e+00,1.405677067983608364e+00
1.097431762045773418e+00,1.328339358312138341e+00
1.396605574975418484e+00,1.795807089231340692e+00
1.403067002530683727e+00,1.772994522182990584e+00
1.335142524374729911e+00,1.668344133234709759e+00
1.454703096276808605e+00,2.015542525718440281e+00
1.574957088732378940e+00,2.358958834234674118e+00
1.769279367163161254e+00,2.875691914863910625e+00
1.808252231476982663e+00,2.710992358157607196e+00
1.746359755313362072e+00,2.400688873222979858e+00
1.740165596219150901e+00,2.472352323110657224e+00
1.658577207498887596e+00,2.179088995023351849e+00
1.591333512435876951e+00,2.047623019090326402e+00
1.474139840549425262e+00,1.790149712464417675e+00
1.354220909338324619e+00,1.618270752094079556e+00
1.353326435180917109e+00,1.682557953730178468e+00
1.572883310082147545e+00,2.209883018462312165e+00
1.582566332664838482e+00,1.959774395164583627e+00
1.481786359317724067e+00,1.774264096371498178e+00
1.365572571806519031e+00,1.621805773024939779e+00
1.258920508483447165e+00,1.492232538369087980e+00
1.166917621227954616e+00,1.381569613879472858e+00
1.080047388236241801e+00,1.279524207811445047e+00
9.855556128311773190e-01,1.173491248362016348e+00
9.058589885689113386e-01,1.080123011340508477e+00
8.313279671379434355e-01,9.931763171096603671e-01
7.595850777694904687e-01,9.102295603846836114e-01
7.045634319009688173e-01,8.764331823144110301e-01
7.856411122948545600e-01,9.717561265601525333e-01
8.310913534427152305e-01,1.034278580940413805e+00
8.075123018445571343e-01,1.015898377007453890e+00
7.510512014189353325e-01,9.557589743549287364e-01
7.224709155758067824e-01,9.252701407662352606e-01
6.730908380483208164e-01,8.663340786692621531e-01
6.238571162820215621e-01,8.061320839792605053e-01
5.789681345758693753e-01,7.490981618607039927e-01
5.587915492553544583e-01,7.198032707395821683e-01
5.534393273111725131e-01,7.093050981340042194e-01
5.289910903537039522e-01,6.814381842684039681e-01
5.126292383960688870e-01,6.496546254490709327e-01
4.855958428413515438e-01,6.132215012792820996e-01
4.489307588963392104e-01,5.691138407455221815e-01
4.138331251415907075e-01,5.250062618762686428e-01
3.817182190764292771e-01,4.842451926123347850e-01
3.501878239332144593e-01,4.448975726345335002e-01
3.262329106505641452e-01,4.128207112790122646e-01
3.004672951383177137e-01,3.805664558524542995e-01
2.759389185319249815e-01,3.499057360827381724e-01
3.099568078779474933e-01,4.106278371969049323e-01
4.390722980543453335e-01,5.595013143422095103e-01
4.573024820452049610e-01,6.018001508598562754e-01
6.374711469801884745e-01,8.039891526015416900e-01
6.683138297104931347e-01,8.545721814272677630e-01
6.515647848492368555e-01,8.406495424718615217e-01
6.108991224872104553e-01,7.966883189179317926e-01
5.676262429547114241e-01,7.444449817039348050e-01
5.185646950954950762e-01,6.899511146321343213e-01
8.624527570599357373e-01,1.075772468920576097e+00
9.159928512524883049e-01,1.197104928155093839e+00
9.595438192394500909e-01,1.287136713936231525e+00
1.119279283531404268e+00,1.547694429996606669e+00
1.164182294919313465e+00,1.623075357143798580e+00
1.372106914219957341e+00,2.062463585867212679e+00
1.354270561146037277e+00,1.885619927265820506e+00
1.273163258194831116e+00,1.708098080879669300e+00
1.214992653483469853e+00,1.638753058362188542e+00
1.149292987406550282e+00,1.541296231774240688e+00
1.064181836601279407e+00,1.407240420654430446e+00
9.754803843470161162e-01,1.288123540658367094e+00
9.857443515957531321e-01,1.310995651150882235e+00
1.254536019702762406e+00,1.711355387639460712e+00
1.293191577278242965e+00,1.656999616820830967e+00
1.229888248195424083e+00,1.559234695111213931e+00
1.135855907330007630e+00,1.443958257957095093e+00
1.261485942219866763e+00,1.737011323790575545e+00
1.337651016141718108e+00,1.923263187990994050e+00
1.516750555041195714e+00,2.397100138748042841e+00
1.518684363984529995e+00,2.206981532159947079e+00
1.451442211709469632e+00,1.969715195836831301e+00
1.558275760249270059e+00,2.378270213541124889e+00
1.516723886361218243e+00,2.106945195323056463e+00
1.438780486959536642e+00,1.896680329739023563e+00
1.385550874570948832e+00,1.828032317256451655e+00
1.341059115349460207e+00,1.680810547135129118e+00
1.255141021409191371e+00,1.553135073694301926e+00
1.164945617458965188e+00,1.442174082491775922e+00
1.118426380241060780e+00,1.365235941688393018e+00
1.056152499758994390e+00,1.275741613176230471e+00
9.832469663533670579e-01,1.186132973131779345e+00
9.138354211621511070e-01,1.102006791300406796e+00
8.456127878966515077e-01,1.020658073053987591e+00
7.883734692509508646e-01,9.806722971283371448e-01
1.066949251228739071e+00,1.316805803583531276e+00
1.082265849071187613e+00,1.355240056437069684e+00
1.064187108693162243e+00,1.330132768124592024e+00
1.015169164165220073e+00,1.262249654194035564e+00
9.513743279673713138e-01,1.183825656563788353e+00
8.894699327925630339e-01,1.106559855132575265e+00
8.357328083629157467e-01,1.036876013075852754e+00
7.887925491255678434e-01,9.747132370812281454e-01
9.289788858254525161e-01,1.172760489155061814e+00
9.145648046660791453e-01,1.169668534493141898e+00
8.673821744409393464e-01,1.122148802760584152e+00
8.601382894870533979e-01,1.121890605867117863e+00
9.843126627533039796e-01,1.276237556071980972e+00
1.006421562802481295e+00,1.299919775006728839e+00
9.919282494392333005e-01,1.266457833613094275e+00
9.597478930776088824e-01,1.205256386036095417e+00
9.048709887845715061e-01,1.133431079233240268e+00
8.484134170665688091e-01,1.061420535464826287e+00
7.895160715162024001e-01,9.885189310874703539e-01
7.599988841205498336e-01,9.411248858784142524e-01
7.200168794546453199e-01,8.888225353939401829e-01
8.102353467832151823e-01,1.025264958578625096e+00
1.374437957341867245e+00,1.762773258007690025e+00
1.482534132549889305e+00,1.867201527399299454e+00
1.479586019582836087e+00,1.849106817802316449e+00
1.401179939859352963e+00,1.762773512078349647e+00
1.365431077660625991e+00,1.865282103856311435e+00
1.313468797043402914e+00,1.736683275304956586e+00
1.258101275848643175e+00,1.641342854490774883e+00
1.293558427895490581e+00,1.749797803343168034e+00
1.316166721247606031e+00,1.791965820288117905e+00
1.379393667598981077e+00,1.924683769708036118e+00
1.463755052290717007e+00,2.054485415438359830e+00
1.481018306921268568e+00,2.029127749246666834e+00
1.660965232424375770e+00,2.515543782807938555e+00
1.639795116667349673e+00,2.177524381687838240e+00
1.721573741939051994e+00,2.447924565336673020e+00
1.714305817631081030e+00,2.300787482438205522e+00
1.656892503467650268e+00,2.103173789069613608e+00
1.635780087617445311e+00,2.094306292997969443e+00
1.596445862339229471e+00,1.988293036569709793e+00
1.602152121343215718e+00,2.056382056149999915e+00
1.585840894832577508e+00,1.969672459380089835e+00
1.545770006462816371e+00,1.868575520166761317e+00
1.557153131395782708e+00,1.947068768137959482e+00
1.545714193341457765e+00,1.924858733043021797e+00
1.496349310419265111e+00,1.779486487261106920e+00
1.593227399052734361e+00,2.097112392467926689e+00
1.770231873124390676e+00,2.542677517573074475e+00
1.773593064535765818e+00,2.276848462639200044e+00
1.707298120712429146e+00,2.024629568365846399e+00
1.628316896835153793e+00,1.875964113573294512e+00
1.900400068574844781e+00,2.983984746738716609e+00
2.551284257151140711e+00,5.082860250893061149e+00
2.503083498298887655e+00,3.475723752699281910e+00
2.885926253824959709e+00,4.701105934063890324e+00
2.748722685873249638e+00,3.293493929839799161e+00
2.599999501542790359e+00,2.717594814896672872e+00
2.468400399668148282e+00,2.456412354600475023e+00
2.349986843152609417e+00,2.303062530978161604e+00
2.242623056807165227e+00,2.187629252997050688e+00
2.134993466828173148e+00,2.087861336424695402e+00
2.003206934801141426e+00,1.977061754861229703e+00
2.173552218120369250e+00,2.856369523871805871e+00
2.248123780321463983e+00,2.926365269683345538e+00
2.203828015462502066e+00,2.607547016917773686e+00
2.181302500875387906e+00,2.528332668407437644e+00
2.113753479111795563e+00,2.316023361712046924e+00
2.017477500711855498e+00,2.091182355719259700e+00
1.931899032801492222e+00,1.962571005584678785e+00
1.854112170220941325e+00,1.875954519823340716e+00
1.782543687228863361e+00,1.806058239710554014e+00
1.716679033369783225e+00,1.744523422572315408e+00
1.644210038554152931e+00,1.677199582177465675e+00
1.573180488596469750e+00,1.609583337363597266e+00
1.495022626172834990e+00,1.535321826188974503e+00
1.426946265190062846e+00,1.466944431535462945e+00
1.582298896614563022e+00,1.813489555866079517e+00
1.571861232138273223e+00,1.717561205876234620e+00
1.532230973257336260e+00,1.641899691962475094e+00
1.487550715210703922e+00,1.581375704705462848e+00
1.443311584997582608e+00,1.527123990409242849e+00
1.400709648098840576e+00,1.476088763825779360e+00
1.359903502279530496e+00,1.427204850824991045e+00
1.320813614593783880e+00,1.378522715886287831e+00
1.283316725361588029e+00,1.326354362279557941e+00
1.247291636157836558e+00,1.274629122615957844e+00
1.199388752218356169e+00,1.219946200586814911e+00
1.148516546564859020e+00,1.164362935936678722e+00
1.112699801528956423e+00,1.119997345056395588e+00
1.078131628174222367e+00,1.083054851062835722e+00
1.043261650842303601e+00,1.042529483814818247e+00
1.013823083997405394e+00,1.006302281979787994e+00
9.808992788206960523e-01,9.752681314062643381e-01
9.533641111182167283e-01,9.431113855196785467e-01
9.277475247874170661e-01,9.120273341708350356e-01
8.950430320148322627e-01,8.925182906005262318e-01
1.012797585704572789e+00,1.036305278049284295e+00
1.023883558144725869e+00,1.064274371165055522e+00
1.110761745458775707e+00,1.191450359403512849e+00
1.109268216464899037e+00,1.188162742578481978e+00
1.087065139334103758e+00,1.163377024372053148e+00
1.078319773562357975e+00,1.161157068696754502e+00
1.049575652904357614e+00,1.124244744853496236e+00
1.325593834357981615e+00,1.494214180511710621e+00
1.510523853210212541e+00,1.852420442205829909e+00
1.518603822613907361e+00,1.754416216168410259e+00
1.489405071966516836e+00,1.685135382275544824e+00
1.452074945282568530e+00,1.626203516739825217e+00
1.408607418954938906e+00,1.568610023420011768e+00
1.369779521413227563e+00,1.514613235335324992e+00
1.441698550551689051e+00,1.686339775375889527e+00
1.709582914595896064e+00,2.287019697733522428e+00
1.762601740406511963e+00,2.183217249258181614e+00
1.742584732395400904e+00,2.040696062716047088e+00
1.910987702783087938e+00,2.712300391806425459e+00
1.987162031779030613e+00,2.665933019670750692e+00
1.935206419105401032e+00,2.252569954909657390e+00
1.871745028166258873e+00,2.059589331571541670e+00
1.808688719861599514e+00,1.948407625656727982e+00
1.748609822413423887e+00,1.868400660635132882e+00
1.653728298151686094e+00,1.748920158571472427e+00
1.588385908232995192e+00,1.666381900450216946e+00
1.505326528485117166e+00,1.578706463075017385e+00
1.441616114728157649e+00,1.506907125753490950e+00
1.391098007136069459e+00,1.447490341360916810e+00
1.344698631234647168e+00,1.393430055483276364e+00
1.301459213140595539e+00,1.343017997063068458e+00
1.261413849943422871e+00,1.295830720314874007e+00
1.219458667960124698e+00,1.247988579370951090e+00
1.180615980776845708e+00,1.202637942116834724e+00
1.141479262854905086e+00,1.157641536916411695e+00
1.105315525219680906e+00,1.115161850080378381e+00
1.072678521162764520e+00,1.075845943358894941e+00
1.041646991069401507e+00,1.038473978130711073e+00
1.010866994608398794e+00,1.001963120930704054e+00
9.755331679358179020e-01,9.627969994698358791e-01
1.054027191155676224e+00,1.052122300276940203e+00
1.339889330612310303e+00,1.412511587623419551e+00
1.733778936676805937e+00,2.151538166023030829e+00
1.781303554500714537e+00,2.041214730806621525e+00
1.075805854087801716e+00,1.407777570553369051e+00
8.790464420637568166e-01,1.140599042222871118e+00
8.097872575242252013e-01,1.016200002159213689e+00
7.717598568653449842e-01,9.465253682882491804e-01
7.837605938377859571e-01,9.461929123551453547e-01
7.462767545710256023e-01,9.028307380223463685e-01
7.174151851596124452e-01,8.651559306196258126e-01
6.937469442482716575e-01,8.323546857726875636e-01
6.722206145211299111e-01,8.022398673868188501e-01
6.512194900286687460e-01,7.732535874245120011e-01
6.305612507430807812e-01,7.449994237570788380e-01
6.108667615521793381e-01,7.178959459976141932e-01
5.860225241592631473e-01,6.869205266457665271e-01
5.611899744968050774e-01,6.556992956082355883e-01
8.360548916654370055e-01,9.735677121064724160e-01
1.037722855506413966e+00,1.287925656071718272e+00
1.065293834850794319e+00,1.321749865122467282e+00
1.050899853880744139e+00,1.308629987706817266e+00
1.026770218714385452e+00,1.275365855969875284e+00
1.000818222735423868e+00,1.232919576654015970e+00
9.749711157970775144e-01,1.189480375412469870e+00
9.496835983742932807e-01,1.145057333071312966e+00
9.232287133292319536e-01,1.102372331108944392e+00
8.855377388753379320e-01,1.053048870224521982e+00
8.455260257863291828e-01,1.001964586759604092e+00
8.172762533355737435e-01,9.607825436091430582e-01
7.864233664517892297e-01,9.192762199336843576e-01
8.720769715002285594e-01,1.009082364055615022e+00
8.317612831500872383e-01,9.762482109174940303e-01
8.013428865760374720e-01,9.405981188127381376e-01
7.902019208993310562e-01,9.243207094178927941e-01
7.720675570302023560e-01,8.974766837237097006e-01
7.499658539520317468e-01,8.671008222615697036e-01
7.269700657921417397e-01,8.356990447950912726e-01
6.990440219964360047e-01,8.004187857278725060e-01
6.712629836274319750e-01,7.650463144825848660e-01
6.470812895048060343e-01,7.327758346184507499e-01
6.256147737108719298e-01,7.034292827548558336e-01
6.024279657444522318e-01,6.736103331519623927e-01
6.426566315366831761e-01,7.115198326795691974e-01
6.275116456557976452e-01,7.003846648896479010e-01
6.070419002837070810e-01,6.784348635075323486e-01
7.325558406344792051e-01,8.437030896834839533e-01
1.020212385973758407e+00,1.201257204978356086e+00
1.173048387050027008e+00,1.458101922357088354e+00
1.051381452151838980e+00,1.317029389471279455e+00
9.932296037109872300e-01,1.231315031292375073e+00
9.537250427369718953e-01,1.169422783501551377e+00
9.186475037716828052e-01,1.116805089156516884e+00
9.120247038617655955e-01,1.100768904812569504e+00
9.188305057934884612e-01,1.103774242596212485e+00
9.009938327283718573e-01,1.116839429087831403e+00
8.791423714162243108e-01,1.089601669812547247e+00
8.597177723023725626e-01,1.061219913987174523e+00
8.383263987413580587e-01,1.027162773018993613e+00
8.762350637977767143e-01,1.078512495740676203e+00
1.132610446625879064e+00,1.398753260689838518e+00
1.171719190996285631e+00,1.429224201953305462e+00
1.158273718564494681e+00,1.412763832893863647e+00
1.132499016313105011e+00,1.376106608675110365e+00
1.104281892357304562e+00,1.325015442048256498e+00
1.071123563076101570e+00,1.270668640063633337e+00
1.019094206621846910e+00,1.205503520838891340e+00
9.761328304108590759e-01,1.147954848904225500e+00
9.386625788679509030e-01,1.096494155670828974e+00
9.031590789339727365e-01,1.048331267798610522e+00
8.679711306366224566e-01,1.001733639383508123e+00
8.733742836253002295e-01,1.002946935272094553e+00
8.931096360594503736e-01,1.030728296302865443e+00
9.305616717992799547e-01,1.090947223444471481e+00
1.034354648896178785e+00,1.223913218206979181e+00
1.110107728942801408e+00,1.331724211004546410e+00
8.859713994640759926e-01,1.124664514540712590e+00
7.984768119763934191e-01,1.010610022349554882e+00
7.510296877697708595e-01,9.382568643053166291e-01
7.209873564573996418e-01,9.261795281687361658e-01
6.946904058628257106e-01,8.959107441616235290e-01
6.748191664161994341e-01,8.658993889439350333e-01
6.839292273125926469e-01,8.645929800373000074e-01
6.603310023696578046e-01,8.257428033210860718e-01
6.323849966823217317e-01,7.863496707492484417e-01
6.040505411943752900e-01,7.476583067333996135e-01
5.735328553838195953e-01,7.077714078895499528e-01
5.414377305002079366e-01,6.668651052859911887e-01
7.142782384968279219e-01,8.762533753890592303e-01
9.153649467307288790e-01,1.143053164574078240e+00
1.078969608893753263e+00,1.403930996511213891e+00
1.330449994753918119e+00,1.854314087633756047e+00
1.352550500064810368e+00,1.814498299918647861e+00
1.373872393432943317e+00,1.890199204928330934e+00
1.341195563520164225e+00,1.790006955338335981e+00
1.396078071436597012e+00,1.969587795970740851e+00
1.352591978542034168e+00,1.771512473416494426e+00
1.340281353229221262e+00,1.769468103580906337e+00
1.484942897057192734e+00,2.178473421865930515e+00
1.446829495970933133e+00,1.906952540478477731e+00
1.423295380573236235e+00,1.880728885056581534e+00
1.385849069070868245e+00,1.738570143203151064e+00
1.305521291878186663e+00,1.615469768369034442e+00
1.255613789485902965e+00,1.591698870014010003e+00
1.188923263698335120e+00,1.481891092099144158e+00
1.118307016429166634e+00,1.380802555881126326e+00
1.078304832366216548e+00,1.310216421692108835e+00
1.028120060450389506e+00,1.241703077685123668e+00
9.683924589147754336e-01,1.169326192845506096e+00
9.344332197284087593e-01,1.109623536430031088e+00
8.738463841227021023e-01,1.035186569934275047e+00
8.084201171433188504e-01,9.589146298935812274e-01
7.464998028298188704e-01,8.862216300424490267e-01
6.884697081421130571e-01,8.178114740141531058e-01
6.344309523253924832e-01,7.539366772840815356e-01
5.842631766593022746e-01,6.945501401882833159e-01
5.407581233456935088e-01,6.419237884243153003e-01
5.023151596165105204e-01,6.236832280401441997e-01
4.816515626532008043e-01,6.067907518675339507e-01
6.388986810115510062e-01,7.725933504307955779e-01
6.837861197275353353e-01,8.436174270540143239e-01
7.419803417113552957e-01,9.233627069870726789e-01
7.254489132537773610e-01,9.139492550228386358e-01
6.971634920060378882e-01,8.864174861635211178e-01
7.022986296854656363e-01,8.920599407608987841e-01
6.898370841044495494e-01,8.693348647720284816e-01
6.595490780123344221e-01,8.231895238784471269e-01
6.272016851164006201e-01,7.787053025942842766e-01
5.887269091326033932e-01,7.303851450413534341e-01
7.169975290811423374e-01,8.952966435040088378e-01
1.102658975902625516e+00,1.392951426092523093e+00
1.206093760387305203e+00,1.633092127049510678e+00
1.534642619198948399e+00,2.381167814987868336e+00
1.949695822161801262e+00,3.979503897306083893e+00
2.147605697318777374e+00,4.000236314626105738e+00
2.064464179043151493e+00,3.075507420173073658e+00
1.960658652542690783e+00,2.613703699164333205e+00
2.034390433968234824e+00,3.212797926803411475e+00
2.110199660668699462e+00,3.463783509946549266e+00
2.028394484534363773e+00,2.573710059523677263e+00
1.862042068624212732e+00,2.134028746549349265e+00
1.713382906305706443e+00,2.085641227640111062e+00
1.680398476314767686e+00,2.147838142796552940e+00
1.617890960259119826e+00,1.878134152769415754e+00
1.510149156922908187e+00,1.694904167061640266e+00
1.396316451066272224e+00,1.554864255296496856e+00
1.709233981501992572e+00,2.273976255579603478e+00
2.095315380946960460e+00,3.722799588780664415e+00
2.028476755813052979e+00,2.778349625690590408e+00
2.095071018909623550e+00,3.161297255864233602e+00
3.103603384997085879e+00,7.294013617116393178e+00
4.432430137607296317e+00,9.035340275177759395e+00
4.491308090663707731e+00,6.988819939082309141e+00
5.177941060696355180e+00,9.259719819051019485e+00
4.635649784075580371e+00,5.068175430660106784e+00
4.155000341250060458e+00,3.430218641098080390e+00
3.908404847207791910e+00,3.658271600819982705e+00
3.661131121746681316e+00,3.369257835168681936e+00
3.342740722431612355e+00,2.819253269927390448e+00
3.059875280062083647e+00,2.304599773058723322e+00
2.749548325053082554e+00,2.010706246143628917e+00
2.463125350184569573e+00,1.811457386565783256e+00
2.184494801998019486e+00,1.635432471969783697e+00
1.935245488829069771e+00,1.544427700021119731e+00
1.808832184811293153e+00,1.563955322828091576e+00
1.753859526697625126e+00,1.628033702693842733e+00
1.813215005355872655e+00,1.900089041677577528e+00
2.354054126631898836e+00,3.599084552127401970e+00
2.610170299714043018e+00,4.350443456391857922e+00
2.544357137180205619e+00,3.679049909519502393e+00
2.730647615239457870e+00,4.453105954874478911e+00
3.244638989104909665e+00,6.243890524784013962e+00
3.684115810375093503e+00,6.688893355454619716e+00
3.337341292640825685e+00,3.993051814239710229e+00
3.063894629749935206e+00,3.245940014605700696e+00
2.780772442462839500e+00,2.671576473784795791e+00
2.625901135714569179e+00,2.672850514748173811e+00
2.892888716549312456e+00,4.123086076017855817e+00
2.753074606666053636e+00,3.215505839010726064e+00
2.699872959185348975e+00,3.285315280523236403e+00
2.806579182346456314e+00,3.975526817834974747e+00
2.650325515481928740e+00,2.854320521509750019e+00
2.437719700071721896e+00,2.348254486896339976e+00
2.233146936880226363e+00,2.063530327610507697e+00
2.012766219758789443e+00,1.852199116597668116e+00
1.815739111825003027e+00,1.683934361942590829e+00
1.633482047757202738e+00,1.534093368581329608e+00
1.469236518857112150e+00,1.398727233041067830e+00
1.318111843333936051e+00,1.272439021962218142e+00
1.207673374004764932e+00,1.223947931362973973e+00
1.118382661096523734e+00,1.159692672920737522e+00
1.088357123003759641e+00,1.159715641907099082e+00
1.543008807600609433e+00,1.790353721579702517e+00
1.767319906646274585e+00,2.559638943430815772e+00
1.698524271971121324e+00,2.150947432214947330e+00
1.636892857749437047e+00,1.943206232455524374e+00
1.519222351039851482e+00,1.777020097189177639e+00
1.421866543446590470e+00,1.738361516648516458e+00
1.408868302617542145e+00,1.816980612219902369e+00
1.331624445038239291e+00,1.638291301564209546e+00
1.281082345734422034e+00,1.533752389647871750e+00
1.204063961872178457e+00,1.434423070686305035e+00
1.238349950965734525e+00,1.561071096911202716e+00
1.221270180163908092e+00,1.547537567431081618e+00
1.169808486730470998e+00,1.466879137523834364e+00
1.136016293621507911e+00,1.429615740270113511e+00
1.102713108146449850e+00,1.351848104500841696e+00
1.058678084579195655e+00,1.271714994560182665e+00
9.887398506459510461e-01,1.185182160587728628e+00
1.003607652344933099e+00,1.251443846235392510e+00
9.778282391534288687e-01,1.229774799399162122e+00
9.512242117721697587e-01,1.183046638375141679e+00
8.970063469433905423e-01,1.117237120436222364e+00
1.024958534467012683e+00,1.283907847362234955e+00
1.224604470480307850e+00,1.603537072246087769e+00
1.224753449801065264e+00,1.561293635981129801e+00
1.199926591799928666e+00,1.500739253419898001e+00
1.131627672971943221e+00,1.415144829231044232e+00
1.085285357971975673e+00,1.332633011595057315e+00
1.015869277613706156e+00,1.243716285989591386e+00
9.434262912465329887e-01,1.155066741955676823e+00
8.721847135737414991e-01,1.068692384486119806e+00
8.014553182149961597e-01,9.838923154707543972e-01
7.848268863649080496e-01,9.918875735676369043e-01
7.653323219977954395e-01,9.624859947868376064e-01
7.204769323390604052e-01,9.100256988482038345e-01
6.770530630185004339e-01,8.557340760461777940e-01
7.739356698661882250e-01,9.703162898633488354e-01
7.581399582369453549e-01,9.639817838800682770e-01
7.377464760287011369e-01,9.452531278859929165e-01
7.063833319518114662e-01,9.086220180940139945e-01
8.198254262990987140e-01,1.032575352919432365e+00
8.545883525364527111e-01,1.084845366735423644e+00
1.006878671860260255e+00,1.298204696444728912e+00
1.191250206176131865e+00,1.607724137560655908e+00
1.178352700635442396e+00,1.540917409732083465e+00
1.128199423303910542e+00,1.472661100007067070e+00
1.093839935855918100e+00,1.403331252775409599e+00
1.034413089941439878e+00,1.323069021929852429e+00
9.723800172537405695e-01,1.242029988260935580e+00
9.159411958012536603e-01,1.166688084339478015e+00
9.184968774520828605e-01,1.174800293461943035e+00
1.049549504228010965e+00,1.357005428975871730e+00
1.355546121213396793e+00,1.886100176512182092e+00
1.569769387285303353e+00,2.436755552746902254e+00
1.589777179441920429e+00,2.207807056057891071e+00
1.558756569689002225e+00,1.999350470294199322e+00
1.506192484823379640e+00,1.935377816122946903e+00
1.427683000057541340e+00,1.783109929684293826e+00
1.346066547989493101e+00,1.662793667125276986e+00
1.298430375556933303e+00,1.584092051480620267e+00
1.251782999524547968e+00,1.496846124854253723e+00
1.180401374235799272e+00,1.436212407633837174e+00
1.192497390768062715e+00,1.515877839962650464e+00
1.240603267045191416e+00,1.591904727452104762e+00
1.199893348526759329e+00,1.491517990902402335e+00
1.165733400762353433e+00,1.424512965564967093e+00
1.162975904624101497e+00,1.440741432688857016e+00
1.138445178372260669e+00,1.381276524044019460e+00
1.109689825235652405e+00,1.324364457825485175e+00
1.067444624527777552e+00,1.256746385072883498e+00
1.013411967951838522e+00,1.187563245020293534e+00
9.619557743374614889e-01,1.122689228605072476e+00
9.166555662691943107e-01,1.064415050551079212e+00
8.705724524880372739e-01,1.007263271530530746e+00
9.500377772930579390e-01,1.134316810215919125e+00
9.568036636797763173e-01,1.152795529206937619e+00
1.011187468719365601e+00,1.239355010383736744e+00
1.241042697550017504e+00,1.596550386353366102e+00
1.599146162616109201e+00,2.369644408236002420e+00
1.644912301208581562e+00,2.132775418068093565e+00
1.621913849757068204e+00,2.007562725034871320e+00
1.583166449238730511e+00,1.904396990314728200e+00
1.522823621291341745e+00,1.807184866040632887e+00
1.451419230277162242e+00,1.712946757324795177e+00
1.392077145151216166e+00,1.632436583856031520e+00
1.339847391534952692e+00,1.561076517465659563e+00
1.300527436126019509e+00,1.502801002137407860e+00
1.250145954270608373e+00,1.507766971117178612e+00
1.384962246732944324e+00,1.804869615930785764e+00
1.372363604636329226e+00,1.690618493918186305e+00
1.356444858577291690e+00,1.680760447182515716e+00
1.331370027397673184e+00,1.626718578593015829e+00
1.298026091349388844e+00,1.567272623202027981e+00
1.269665258117372408e+00,1.521060159494707298e+00
1.237403252053025149e+00,1.474151562152842265e+00
1.256023902816012949e+00,1.514295650042112529e+00
1.224020976261419813e+00,1.443449337398514887e+00
1.186612000699247327e+00,1.390359009753482589e+00
1.160539112499132219e+00,1.353985720365878720e+00
1.130923735586190970e+00,1.304148873052995539e+00
1.088717137508686594e+00,1.249201656894277646e+00
1.101651730789378281e+00,1.277937231759221914e+00
1.592777340587747448e+00,2.036202169502677073e+00
1.735284965172769533e+00,2.298254741827215675e+00
1.709601786877971596e+00,2.107676056938811104e+00
1.666548889283502977e+00,1.985243690338500011e+00
1.636117897567761048e+00,1.948507638960480515e+00
1.593228885041285903e+00,1.857425133806499096e+00
1.677615007691358961e+00,2.227350162382446541e+00
1.684595403668091462e+00,2.132447864760016021e+00
1.644840984400285144e+00,1.951988034112950299e+00
1.599474340544913442e+00,1.886517535421212477e+00
1.589811491385950903e+00,1.902127032513886817e+00
1.591892920757566277e+00,1.917143056037187820e+00
1.553293439964279266e+00,1.778916043189664453e+00
1.509603695154699388e+00,1.693072944180451067e+00
1.466676631000201292e+00,1.628558767505091875e+00
1.424756443597646083e+00,1.571058017113464711e+00
1.378733391173408540e+00,1.513467491760123851e+00
1.583710362883943290e+00,1.953563937282576157e+00
1.600630263629277072e+00,1.875804452559730384e+00
1.568444911183560331e+00,1.770309951635851142e+00
1.527118860626746510e+00,1.696692397637083793e+00
1.520285776453135007e+00,1.737801293083432341e+00
1.475027376915105215e+00,1.652894928722580259e+00
1.432561736370822070e+00,1.577878940236319805e+00
1.392315467952088159e+00,1.518374228016594385e+00
1.353712292312067911e+00,1.465586329356472595e+00
1.866924709512060909e+00,2.442272816048444817e+00
1.935898072064342612e+00,2.249722890595832414e+00
1.907202487635245580e+00,2.134433302173921021e+00
1.855606203244281049e+00,2.047286503038983518e+00
1.799548711537710899e+00,1.970647214580851569e+00
1.744662610786869905e+00,1.899523892281236748e+00
1.748488246593335793e+00,1.983848097088189544e+00
1.660241135213727182e+00,1.827566151223497748e+00
1.784095625934554397e+00,2.171654722982262697e+00
1.735527187703345353e+00,1.943719667475303448e+00
1.674631863803407228e+00,1.815144626105190895e+00
1.620783290182417513e+00,1.730196333140360254e+00
1.560860899254169709e+00,1.655224981101383053e+00
1.508638450439627077e+00,1.590820968466301943e+00
1.458234471266291132e+00,1.530420771599902086e+00
1.410487392036022580e+00,1.473326616778889209e+00
1.363691589413208005e+00,1.417903808156153467e+00
1.313996499947768459e+00,1.361046980915523452e+00
1.249938281381702376e+00,1.293950076363707291e+00
1.204113622858443033e+00,1.239125853299277269e+00
1.160303193409291556e+00,1.187553345370864877e+00
1.123796807681492815e+00,1.142444614783207246e+00
1.090126109925976472e+00,1.100851223430383774e+00
1.132702660910552384e+00,1.156883999389629381e+00
1.398446063091163705e+00,1.514905715898298588e+00
1.666001303790194177e+00,2.051800946374798595e+00
1.669525053123454894e+00,1.891392087071706474e+00
1.540177615310547754e+00,1.723963992661833755e+00
1.473798739777171685e+00,1.626060237036321743e+00
1.416368134987448846e+00,1.549121364960059033e+00
1.369758317848917661e+00,1.486823424988859665e+00
1.328026265653251548e+00,1.431965754428652815e+00
1.316308207964401511e+00,1.499335266080629170e+00
1.285400479102314808e+00,1.438118985153340468e+00
1.251610035706369528e+00,1.386848591402475517e+00
1.217994263793316101e+00,1.339891617860308193e+00
1.185252955461402413e+00,1.292108091701475781e+00
1.153511065814085468e+00,1.237310505981299213e+00
1.122756941126763497e+00,1.190751174341810437e+00
1.090250772380181754e+00,1.146893570063501455e+00
1.029427150704743665e+00,1.084251805619571796e+00
9.908753716807066070e-01,1.036262661711663924e+00
9.598997525666569386e-01,9.958004614582708358e-01
9.315149139913596610e-01,9.590764962668724136e-01
9.029730665857673699e-01,9.235166347604102377e-01
1.058775997792265722e+00,1.137143094641120733e+00
1.357888498351813134e+00,1.582509153428984350e+00
1.427087260994089890e+00,1.666929222734081950e+00
1.574054547730444176e+00,2.039069142739106777e+00
1.680649964876562708e+00,2.219598121937181645e+00
1.659404989483503678e+00,2.003260136330721419e+00
1.473496083216396357e+00,1.726023479473017375e+00
1.385009027034935114e+00,1.579769334148172222e+00
1.326511470286366512e+00,1.487964860523286248e+00
1.274440195837330592e+00,1.416181002376585063e+00
1.233126390697696140e+00,1.359381269014747984e+00
1.195330864848040076e+00,1.309147426202049047e+00
1.159410755108971403e+00,1.262386891719366799e+00
1.125458132545859247e+00,1.218315347165714879e+00
1.091569906580088567e+00,1.175169713963985396e+00
1.057963680400699547e+00,1.132819078824220282e+00
1.019971136199888662e+00,1.087675457595238759e+00
9.880218010407777474e-01,1.047085770073109989e+00
9.582546264711465644e-01,1.009036804559841460e+00
9.288963485419398092e-01,9.721387627508146778e-01
9.007386817763957110e-01,9.367611757986209486e-01
8.673165000374543077e-01,8.981930175306251929e-01
8.420699558227849879e-01,8.687331654747596499e-01
8.193734284106801713e-01,8.394979843654121199e-01
7.977811789526120245e-01,8.115968994304798567e-01
7.640757184471139718e-01,7.756336522231185304e-01
7.386519545897095584e-01,7.448295053970651614e-01
7.155792963333391654e-01,7.164869616994391510e-01
6.940351914488703811e-01,6.899968380582706118e-01
6.681170057011626140e-01,6.611595940396617355e-01
6.457515935646475080e-01,6.348596138216486828e-01
6.256619813161532484e-01,6.107248222290290185e-01
6.070703826606241860e-01,5.882740445568827026e-01
5.834253515403458046e-01,5.630146971156085867e-01
5.514327285834761394e-01,5.321334387064325933e-01
5.292784145781856964e-01,5.072897279267951642e-01
5.113816651196979590e-01,4.862045721074342297e-01
4.953933466700093380e-01,4.673209836913584381e-01
4.763745503105874524e-01,4.471602053907406393e-01
4.587176822050140768e-01,4.280642577953218120e-01
4.395822221592181611e-01,4.083746614650133888e-01
8.152717952304505689e-01,8.365936611887931917e-01
1.019663022929333307e+00,1.148602608378137546e+00
1.163078821149236886e+00,1.415638681805163834e+00
1.031857966287274886e+00,1.272973989908267489e+00
9.757984421812754272e-01,1.191423580640425861e+00
9.378861338292139305e-01,1.132789694352781540e+00
9.048660708341572656e-01,1.083465948681284541e+00
8.761358894404224218e-01,1.040582657262681510e+00
8.489460612585113530e-01,1.000899580938408251e+00
8.198254036267410561e-01,9.608818291648587584e-01
7.938139662945797870e-01,9.240066758735884234e-01
7.686427609064989674e-01,8.887255404893823485e-01
7.425852229476886945e-01,8.534932617746719963e-01
7.188711610578827349e-01,8.206445938055327849e-01
6.955819884820076959e-01,7.888880975897613057e-01
6.731082408852551158e-01,7.584007818965816661e-01
6.505440408738684122e-01,7.284511630888017564e-01
6.278974584545571336e-01,6.989349335843946243e-01
7.849194311037900329e-01,8.621868559117350506e-01
9.263228460267289854e-01,1.046248773148676037e+00
8.352990854334441106e-01,9.892307528496131486e-01
7.913124030426008648e-01,9.431502826807778295e-01
7.543223318488077034e-01,8.977153256082787136e-01
7.228515369579270322e-01,8.560044532357522495e-01
6.960061507855760388e-01,8.187581009302644652e-01
6.693857891962978757e-01,7.828103490117812591e-01
6.439427622740411250e-01,7.485943280697078261e-01
7.220372209848100464e-01,8.597564572387371706e-01
7.432322903647532453e-01,9.004933591869681564e-01
7.338945394877135486e-01,8.951711537684872155e-01
7.174226808160273361e-01,8.686113895967380039e-01
6.974057421215371644e-01,8.352052632088355910e-01
6.722977073905140877e-01,8.001806434365079657e-01
6.464105059899959427e-01,7.652428675293113658e-01
6.217554730791167161e-01,7.318249600063356786e-01
5.957820231198807104e-01,6.979705495109879143e-01
8.424884184678174126e-01,9.880056009271398487e-01
1.084688397458809295e+00,1.346104746697939003e+00
1.199606299454806901e+00,1.561243925067525407e+00
1.297190440442049564e+00,1.785727916674022753e+00
1.388500766715754287e+00,2.142830179202572793e+00
1.211892475029450855e+00,1.890741487812040322e+00
1.121602973955822424e+00,1.561980675454649026e+00
1.059775796338530363e+00,1.397064209329665907e+00
1.009695608742298578e+00,1.297273860682272240e+00
9.564568923108568432e-01,1.216472734976450809e+00
1.069846333920536852e+00,1.408668242705459539e+00
1.069410787635141524e+00,1.402317100169522712e+00
1.047236457529107323e+00,1.357355672616799902e+00
9.893019824032855958e-01,1.285071953339591788e+00
9.298059280951621597e-01,1.208940638974404624e+00
8.933234972002770391e-01,1.165955898200506935e+00
8.699145538230433905e-01,1.132816886434247605e+00
9.571273922051023453e-01,1.243570517714822854e+00
1.228990011129535542e+00,1.644431999309342807e+00
1.354112686939394239e+00,1.889815646147733119e+00
1.354521474824044613e+00,1.763725177702525793e+00
1.291998010968000488e+00,1.652425242136628114e+00
1.244806303004822201e+00,1.553492649218181310e+00
1.169006358035000526e+00,1.451267214066716882e+00
1.099199955006333163e+00,1.359366042553618925e+00
1.037603151743258900e+00,1.291506018302468917e+00
9.725514120179078459e-01,1.214952126913277697e+00
9.109690681053314032e-01,1.151237491343799269e+00
9.858571391974781939e-01,1.260538942395208029e+00
9.852879695382416037e-01,1.253370595509098129e+00
1.007854108007910199e+00,1.292844000012084216e+00
9.728073907776021434e-01,1.239346085585116608e+00
1.176031091625253211e+00,1.529971507866713987e+00
1.456582450238957271e+00,2.134249397555897598e+00
1.516227814360759929e+00,2.166938509477378538e+00
1.460890700963701994e+00,1.947297153677969295e+00
1.451642112954178332e+00,1.987609797522270627e+00
1.400288632750583240e+00,1.842275842672980390e+00
1.357463843903018885e+00,1.704043612017778431e+00
1.296665221215671071e+00,1.581603355790000887e+00
1.210965966490816559e+00,1.466983638403130952e+00
1.133542660593737983e+00,1.367688248766197878e+00
1.130246230072092795e+00,1.442840912205649362e+00
1.105771988091264202e+00,1.364738423703631742e+00
1.032456509260928357e+00,1.270238670693091487e+00
9.677607955831734055e-01,1.187023601313056842e+00
9.051663750447666024e-01,1.148830234243669590e+00
8.538851525083450689e-01,1.085685490080765758e+00
8.825003953393268930e-01,1.122448680415781164e+00
1.443679103704487821e+00,1.868438739661762993e+00
1.494445403211762446e+00,1.894780431084476024e+00
1.491536677514158082e+00,2.069102015567753750e+00
1.457019860145283507e+00,1.887589846059366971e+00
1.379447355868469227e+00,1.740064285558361457e+00
1.282587798231982434e+00,1.606835052439973488e+00
1.318312440755184056e+00,1.809028395311153892e+00
1.344995300088262846e+00,1.884539770732391428e+00
1.311949615042442563e+00,1.793551330404986599e+00
1.233293958791823464e+00,1.631950127641668136e+00
1.211174533259770314e+00,1.622517755013499041e+00
1.186959192142551078e+00,1.551553270116122984e+00
1.119454977384711114e+00,1.433837034895167450e+00
1.061595444991427994e+00,1.365672602037044658e+00
1.154386119651214626e+00,1.515126847299488988e+00
1.105042004439999559e+00,1.417783244664010622e+00
1.069072466176224534e+00,1.333033209648901263e+00
1.001697131253520556e+00,1.297272686028503985e+00
1.154566284566291845e+00,1.535874351516435254e+00
1.134065706801191453e+00,1.471400353606527878e+00
1.084350396563053875e+00,1.398898826123550876e+00
1.050788054988413878e+00,1.326572559284130870e+00
9.829077208780206965e-01,1.235294029602052035e+00
9.167231661538927101e-01,1.149736039922693243e+00
8.528331206440608048e-01,1.068510752761900884e+00
8.332548973822029303e-01,1.074309694962933381e+00
1.017195074891654949e+00,1.306249092739570461e+00
1.550126312369093373e+00,2.230991033634690535e+00
2.174152158580657801e+00,4.937066817214565972e+00
2.138623453751043790e+00,3.391916714884802175e+00
2.068119185918998681e+00,2.682807272642748320e+00
1.906220954446008475e+00,2.298530414246187092e+00
1.976187287932484216e+00,3.184464024957209816e+00
1.829194642786552860e+00,2.425828007733304759e+00
1.742130254521431221e+00,2.081279295397365559e+00
1.627464536548742347e+00,1.870743718160516877e+00
1.513849908189466298e+00,1.719634822226767890e+00
1.393844749997384946e+00,1.583998286851533654e+00
1.300845588800454200e+00,1.477354235069388899e+00
1.507677846620810724e+00,1.970508456242535456e+00
1.953069442844326487e+00,3.475726928450809883e+00
1.903058253279514389e+00,2.652813278499386751e+00
1.842495460205103130e+00,2.281990725237663220e+00
1.713399994275109250e+00,2.040258080863587509e+00
1.574149814454084417e+00,1.854149289110857968e+00
1.427893919282705371e+00,1.684027278389880422e+00
1.446864707637131930e+00,1.941788827864682654e+00
1.676071902942411374e+00,2.625803030453228715e+00
1.898218569641880293e+00,3.292509532012188878e+00
1.802485218344023865e+00,2.503133622252108115e+00
1.728999054710873340e+00,2.129190765838720356e+00
1.682757115983365859e+00,2.285655130720510186e+00
1.811983203895112471e+00,2.822140362841828676e+00
2.061993488484318959e+00,3.711376619967143409e+00
2.037896755644450941e+00,3.087006857667916382e+00
1.955965729007301590e+00,2.426167745221870398e+00
1.813260049937809315e+00,2.085500575781697563e+00
1.667586882222505063e+00,1.869702537856604785e+00
1.638747531090294141e+00,2.074215363388220990e+00
1.589549028053953483e+00,1.976301439210162547e+00
1.547640503327503803e+00,1.953597734036414346e+00
1.493331144923468523e+00,1.755363742430232410e+00
1.407375799027303920e+00,1.606344650540198815e+00
1.318361743040543876e+00,1.491790105136309386e+00
1.217781934584529102e+00,1.380506686262248817e+00
1.125459677686796223e+00,1.279146672380887306e+00
1.035084790707885283e+00,1.181274275400968410e+00
9.500270607297293113e-01,1.088602719015384634e+00
9.671921341552515150e-01,1.154156522314893296e+00
9.491041127763677476e-01,1.125180234412665348e+00
9.022255006194835891e-01,1.067597148030738019e+00
1.012453881260492183e+00,1.244744170698440344e+00
1.452816337300650629e+00,1.947899795770551723e+00
1.692131643148456099e+00,2.692339432856588388e+00
1.645378200482160880e+00,2.235545324630987096e+00
1.586785335893653226e+00,2.175328347544183138e+00
1.580070816502785247e+00,2.243440695405472418e+00
1.479787771234932547e+00,1.921944557962710576e+00
1.402682632606967239e+00,1.821455918748388747e+00
1.441814524963363819e+00,1.993555150692580380e+00
1.412144601562110191e+00,1.893094370790795677e+00
1.322601432918686148e+00,1.691635610166267734e+00
1.249518675495990605e+00,1.588001174007414695e+00
1.187053554353612927e+00,1.493506339447594478e+00
1.145627753534820936e+00,1.403445655538527514e+00
1.087481119612323521e+00,1.309910363644850806e+00
1.014485938129341402e+00,1.218385625491964275e+00
9.526936575583033751e-01,1.140377810939555259e+00
1.050283251465070178e+00,1.306465092026459551e+00
1.294282903415326924e+00,1.710113390605316530e+00
1.329857363612162668e+00,1.711110586275642387e+00
1.284428590184647057e+00,1.644720311894259712e+00
1.238104120863886548e+00,1.599281461022516559e+00
1.171833044385697242e+00,1.489705380128083956e+00
1.131935006002722677e+00,1.405088143153650160e+00
1.061486423701236470e+00,1.312688365159985660e+00
1.417513128091602459e+00,1.882279963103273168e+00
1.903418556253477112e+00,3.462213727440563549e+00
1.934318533167095788e+00,2.844911045560144736e+00
1.840057079646478133e+00,2.396769529485422545e+00
1.714771424257125698e+00,2.129511858476452080e+00
1.644949011114902326e+00,1.974257112400688463e+00
1.558994709197597972e+00,1.840531708874735273e+00
1.470040512173423464e+00,1.725590868042838677e+00
1.374627729411202814e+00,1.613055218915647293e+00
1.278691395058671798e+00,1.502497684554646717e+00
1.202832748907786797e+00,1.465966783234334825e+00
1.157007391506968741e+00,1.426182430763376141e+00
1.111536427884103340e+00,1.374291906147879327e+00
1.252448135595636947e+00,1.629786585549378053e+00
1.258788678735746291e+00,1.559355515213795895e+00
1.211521686220793592e+00,1.466336066658606496e+00
1.137024740983520577e+00,1.370312206606504990e+00
1.062956005807554449e+00,1.285836825825541929e+00
1.023481116006013103e+00,1.225922843670863349e+00
9.711159312371169250e-01,1.158127363192976933e+00
9.190898263536744217e-01,1.092804754019042868e+00
8.704388647222649489e-01,1.031575762157779241e+00
8.606347823468157854e-01,1.053374785566587812e+00
8.905443482987357440e-01,1.098463741142424066e+00
1.001562212808038810e+00,1.244134592122090543e+00
1.010688270091137042e+00,1.257598962997360736e+00
1.074430324190946751e+00,1.367455527622783329e+00
1.048389200844017655e+00,1.312992269805059564e+00
1.004931574761784852e+00,1.252215713377889283e+00
9.555757392519056426e-01,1.188736820520227333e+00
9.104684978864070466e-01,1.127700884058118858e+00
8.577658146015663121e-01,1.062166867854984265e+00
9.869869967402480349e-01,1.212886917643175355e+00
9.826768419170675006e-01,1.202896327259381781e+00
9.624101280670440683e-01,1.174517894096324122e+00
9.206995534171530382e-01,1.124899959717479803e+00
8.927173336824250072e-01,1.071794703915425639e+00
8.487857559824634190e-01,1.012365489754739167e+00
8.021426233065489519e-01,9.534866401020485327e-01
7.626742108695583333e-01,9.017300832000079147e-01
7.268611796408567249e-01,8.546894480784518189e-01
6.949659713426017404e-01,8.123179356635165105e-01
6.659217259424828894e-01,7.736356113600497686e-01
6.321542119086258626e-01,7.323401322179599049e-01
7.338256116727316369e-01,8.704445694139884004e-01
8.427329330555854980e-01,1.017790149647208597e+00
8.855251899331086918e-01,1.086466658903787685e+00
8.892474232606889517e-01,1.100536822578791041e+00
9.767937344295942736e-01,1.224357349654771943e+00
9.760864027053046676e-01,1.217268031652018134e+00
9.568849042701288443e-01,1.185481889219450746e+00
9.197861187750224765e-01,1.137872706951696289e+00
8.930019008651289836e-01,1.097131650929130453e+00
8.692208891397598114e-01,1.058069494936622057e+00
8.466293811243764678e-01,1.013788866861261129e+00
8.026813008460775833e-01,9.584057492558110125e-01
1.141716500681045243e+00,1.381613052629084182e+00
1.312514361820445563e+00,1.730472347432884472e+00
1.367622620083342122e+00,1.837201437929874892e+00
1.394886656596495911e+00,1.850279228333626902e+00
1.374906926583709277e+00,1.761940407298442590e+00
1.375799722194164021e+00,1.790281772834798391e+00
1.381702938508660328e+00,1.772879823810204147e+00
1.539513653868936016e+00,2.224150647658659441e+00
1.718225519789782441e+00,2.596300291458732090e+00
1.694186164907657499e+00,2.220849897961802988e+00
1.691524446544570015e+00,2.240239245614203956e+00
1.659534761904966738e+00,2.102725844413829481e+00
1.605410378653559844e+00,1.962010875341628546e+00
1.574851365648784141e+00,1.940060073273248697e+00
1.538514786994414019e+00,1.847439394740765017e+00
1.485632353752694979e+00,1.735115152959792351e+00
1.433287890226214945e+00,1.658522738864830259e+00
1.383173719178618866e+00,1.595975050368676484e+00
1.340952077912055840e+00,1.530920765529897531e+00
1.302102022175710916e+00,1.475818532934042304e+00
1.245133400402541834e+00,1.409280580906028257e+00
1.194154737245070708e+00,1.353600204037240351e+00
1.237596511586174453e+00,1.436516294598134236e+00
1.219170596556208297e+00,1.389937662771751903e+00
1.188823263553666409e+00,1.345938677396339322e+00
1.157148996996886225e+00,1.298732901668939288e+00
1.117890440011810371e+00,1.248555968770423075e+00
1.082842333438149840e+00,1.204282651486716871e+00
1.054650906563499690e+00,1.168748149564792893e+00
1.036026272314166885e+00,1.148143799161821965e+00
1.010772257222869674e+00,1.110987460079023048e+00
9.845877977061588959e-01,1.074727211365081203e+00
1.128257993487295163e+00,1.263553811566351825e+00
1.139887862968795629e+00,1.269161392425373069e+00
1.120139845358750330e+00,1.246223286329364299e+00
1.093312045479230665e+00,1.212680339618978032e+00
1.065361730914908822e+00,1.170740445780551919e+00
1.037731819394242860e+00,1.124019107957968666e+00
1.175945334160950928e+00,1.330202366769629663e+00
1.305496173726907294e+00,1.561097535310376649e+00
1.298440970012784135e+00,1.506685787437371582e+00
1.276049670151975679e+00,1.491997602786727217e+00
1.244718457195020500e+00,1.431181137112247814e+00
1.212443131741101743e+00,1.380011171096892530e+00
1.180659484183361752e+00,1.333159928291665519e+00
1.149689131732591463e+00,1.288751731818579493e+00
1.325499140734100356e+00,1.548547016093525741e+00
1.213784524791522879e+00,1.401981148892884832e+00
1.146761665772347394e+00,1.307109168146314948e+00
1.118414047629911368e+00,1.262666038603938334e+00
1.085222830708711506e+00,1.211681224140678470e+00
1.031996323711747321e+00,1.149705741855990393e+00
9.959804360879550567e-01,1.101047345514702958e+00
9.665771812859145218e-01,1.059696600279312007e+00
9.246039033662100115e-01,1.010633784572142924e+00
8.746401663170794150e-01,9.552774188525833265e-01
8.362434001053679067e-01,9.081855946911998601e-01
8.078958896951941027e-01,8.700915500308391559e-01
7.836847225114739190e-01,8.370259064694801632e-01
7.601670041277741596e-01,8.059398610158252652e-01
7.598163838720334295e-01,8.005801646551577999e-01
7.673548677621593317e-01,8.074132739801204162e-01
8.507739346169687078e-01,9.045582167738948076e-01
9.325083316195714733e-01,1.010223192892052868e+00
8.738029570372086718e-01,9.705845738453782179e-01
8.414169166555911517e-01,9.352768262579126413e-01
8.159628671018972490e-01,9.021947710340928461e-01
7.930408431566053906e-01,8.708666909801983103e-01
8.761006525051241445e-01,9.945075155076852358e-01
1.243145756679478131e+00,1.465760205757390855e+00
1.902273503509308128e+00,2.980260216338127766e+00
2.673105635142356995e+00,5.497073916743042687e+00
1.826336936754167306e+00,3.059367057952367741e+00
1.581813584360251435e+00,2.122656727031164703e+00
1.550019103118588593e+00,1.860389431485589551e+00
1.481336243100976890e+00,1.645952699990293810e+00
1.410021739277541597e+00,1.535683557165224089e+00
1.343203444805687763e+00,1.464573751770049892e+00
1.281967557284357628e+00,1.408800665902605331e+00
1.226006651196293040e+00,1.359616417810765032e+00
1.423186298820518170e+00,1.730845105697813358e+00
1.429469050078169268e+00,1.675567572827762142e+00
1.392677714548351098e+00,1.623086891395726816e+00
1.347785224211857313e+00,1.571408131756582449e+00
1.303121280033948670e+00,1.520591221451672137e+00
1.260493247930028593e+00,1.470945354001784278e+00
1.220135402060766205e+00,1.422675071449641893e+00
1.181922978982056671e+00,1.375870736499664293e+00
1.145667123002808596e+00,1.330551938215895680e+00
1.111184077561372607e+00,1.286384648375365813e+00
1.078309276847422060e+00,1.242669252067047925e+00
1.046898290333813764e+00,1.199455158017534773e+00
1.016824890623458932e+00,1.156560356210478924e+00
9.879787220022662186e-01,1.115529563856271444e+00
9.602631354869096691e-01,1.071553364177274315e+00
9.262212386447770118e-01,1.027097836782300933e+00
8.962861721102766133e-01,9.876430893585370629e-01
8.693353100655575316e-01,9.518447036317122523e-01
8.428634936488480500e-01,9.174506207846525596e-01
8.170589563589566451e-01,8.842223318849885549e-01
7.917315446891618480e-01,8.518923938467168888e-01
7.644609919041579493e-01,8.185719368585779865e-01
7.407267763897076307e-01,7.881200536043614369e-01
7.185762849689252274e-01,7.595246278960890995e-01
6.968243568326520920e-01,7.318654779566364788e-01
6.760383961047456980e-01,7.054193495997052032e-01
6.550458818567429509e-01,6.793268378812070685e-01
6.356076621682197336e-01,6.547460258449264714e-01
6.163616109311702562e-01,6.308132658163978501e-01
5.976018308194955830e-01,6.076453979726603727e-01
5.799899902580533118e-01,5.856990167953854964e-01
5.628144936550748545e-01,5.645203161317822182e-01
5.447943029365324152e-01,5.431567388694595877e-01
5.285047737977152105e-01,5.232572820155519944e-01
5.129192193317696491e-01,5.042888544782332394e-01
4.979552985036311274e-01,4.861553130421910063e-01
4.832103346946772793e-01,4.685512109612029463e-01
4.676770104070579470e-01,4.507419698491634263e-01
4.531264806857877026e-01,4.338054388296905262e-01
4.385142648127716702e-01,4.171565731887145745e-01
4.252802464805153226e-01,4.016926323606098137e-01
4.126859568937589762e-01,3.870234033395620332e-01
4.000698438202715534e-01,3.726780490202422080e-01
3.883434437119747118e-01,3.591700981470909437e-01
3.766760758716639068e-01,3.460063306943503836e-01
3.651398851717955751e-01,3.331719611255176128e-01
3.536272520477761194e-01,3.205782030414165984e-01
3.429311487124954705e-01,3.087052436960878166e-01
3.327431438549252052e-01,2.974121697381607032e-01
3.214823875467410219e-01,2.857029332233804175e-01
3.110643681547397565e-01,2.746263984059603147e-01
3.015545614762411564e-01,2.643259804136893210e-01
2.918083797589779982e-01,2.541396768734682232e-01
2.826515178149036633e-01,2.444843672121948530e-01
2.735360393387682998e-01,2.350609895748308198e-01
2.646829232008836574e-01,2.259654378197923918e-01
2.563447062068117677e-01,2.173479989014948099e-01
2.474148841576273572e-01,2.085715614686527442e-01
2.392994077690502597e-01,2.003778199518951586e-01
2.309631094787180650e-01,1.922392097236466924e-01
2.236218338721689958e-01,1.848040504273783802e-01
2.162966748853610011e-01,1.775771437708712208e-01
2.089041606861976874e-01,1.704571231059601732e-01
2.014483354982081476e-01,1.634179890037016358e-01
1.938106890296918960e-01,1.563814702931090872e-01
1.865873321542878549e-01,1.496676158694103809e-01
3.885775960730921130e-01,3.614035421447982510e-01
4.349890744733793113e-01,4.582711515094794463e-01
4.124335842541197450e-01,4.644635877562405257e-01
3.971893975280708644e-01,4.559386195155862853e-01
4.566867159028960566e-01,5.184474453732919041e-01
4.400843145890890873e-01,5.130401162562917561e-01
5.196870417996329872e-01,5.981372587069687663e-01
5.019212548789361295e-01,5.949127542877581387e-01
4.823541693767421923e-01,5.770179979697738215e-01
4.646445011039831985e-01,5.555872065831409801e-01
4.470444793176907017e-01,5.327091564716999184e-01
4.286456214028031009e-01,5.088022746163897159e-01
4.114644850408866739e-01,4.858815579493030445e-01
3.946510481647324542e-01,4.636036183280808909e-01
3.774526053374658296e-01,4.413866840490608956e-01
5.118832285716070629e-01,6.085485506292154234e-01
7.879159959347451503e-01,9.320120014410676612e-01
7.861461534390590256e-01,9.653132934541510668e-01
7.598596952259631943e-01,9.490820842152261072e-01
7.257209267085578119e-01,9.123380387609244524e-01
7.951510787233241340e-01,9.861132587465434307e-01
7.359965025455881271e-01,9.319727992876393197e-01
8.168890056357338558e-01,1.020557842813850424e+00
1.286620134134610183e+00,1.606857285294693405e+00
1.729658919215042667e+00,2.920842633448140102e+00
1.863223869314684311e+00,2.911268383429828077e+00
1.045394392596886046e+00,2.539643572281676143e+00
7.791567736657736276e-01,1.485863322211407489e+00
6.800929071889222355e-01,1.066566179115796986e+00
6.818899317944380201e-01,9.806007469432251877e-01
8.448249685809439136e-01,1.137790090020652567e+00
8.751512894012370980e-01,1.182176708750549254e+00
8.583987570914083376e-01,1.161576071183829661e+00
8.064742351897946637e-01,1.104707703924590056e+00
7.474452142847152203e-01,1.034613145077985408e+00
7.130024034552842060e-01,9.761311452831775703e-01
6.692643839670241457e-01,9.165290866182208562e-01
6.316229984777401718e-01,8.646969820150585129e-01
5.907998194727750452e-01,8.110477639518215431e-01
5.639274174074363488e-01,7.712990936024961552e-01
5.363200796920170044e-01,7.648309296491122566e-01
8.341234382434279393e-01,1.092045104682039858e+00
9.721270957426207948e-01,1.321463525778521664e+00
1.052337779809283225e+00,1.460961467080712062e+00
1.040073861183679504e+00,1.418644456399282383e+00
1.015892118338617811e+00,1.368290684090826659e+00
9.895063092572019547e-01,1.309541262727470956e+00
9.453475810024490888e-01,1.244727557432047771e+00
8.921625740312331132e-01,1.173625931213362339e+00
8.389216896347467811e-01,1.099485396045214669e+00
7.900453456587477330e-01,1.031839456994509518e+00
7.451954108537334198e-01,9.698324095128925126e-01
6.963457235163946768e-01,9.059255213272517926e-01
6.463564900373454103e-01,8.415684593170229544e-01
5.999292562517311023e-01,7.809057048681181668e-01
5.561586705424887978e-01,7.236605347187408110e-01
5.138324916608906223e-01,6.688112598142558207e-01
4.727681126184801741e-01,6.160415941872332546e-01
4.344286075414862669e-01,5.665578467453958877e-01
3.993850139217381967e-01,5.209947014255752462e-01
3.642643905927653303e-01,4.764241477864601948e-01
3.288642755315291932e-01,4.479586576987749091e-01
6.731256917820180874e-01,8.214726211838412340e-01
7.626523373133069494e-01,9.737474278386998305e-01
7.692820711574752668e-01,9.977556138377501327e-01
7.388342594731148738e-01,9.646863607972209209e-01
6.974643426410488400e-01,9.148359569474207031e-01
6.503154802431179160e-01,8.560891064909705861e-01
5.998860619691631646e-01,7.926409174706111616e-01
5.876242864622081008e-01,8.010450557102177793e-01
5.671921650688201977e-01,7.801104017000406454e-01
5.367664647199875683e-01,7.424415777163460017e-01
5.190517915964036888e-01,7.085098644937611878e-01
4.863013000958531507e-01,6.640736975646963636e-01
4.558803981974325903e-01,6.180323483881708935e-01
4.280190849389815533e-01,5.773444696137753906e-01
3.956677760027060842e-01,5.342781620605530080e-01
3.620740946617714839e-01,4.904502309838894569e-01
4.301284751395321182e-01,5.833162324482417116e-01
4.194979211919083184e-01,5.874049479852717637e-01
4.699586722966787589e-01,6.433228454049453315e-01
7.662844932098090700e-01,9.661645798395662732e-01
1.321096078164865961e+00,1.742187979619276073e+00
1.587893547638465463e+00,2.536089091881966961e+00
1.544458866995623181e+00,2.164972819772011725e+00
1.501548748755668905e+00,1.963149283205562146e+00
1.424740777666765101e+00,1.819364949035198187e+00
1.314673148574761363e+00,1.766621187531548287e+00
1.260818088697351014e+00,1.626661159035125426e+00
1.266890596656402357e+00,1.740872571834627847e+00
1.523901742378168445e+00,2.373926987306720804e+00
1.806647526391895520e+00,3.345033977122283453e+00
1.770279554886434070e+00,2.771957418963469255e+00
1.770016142124070102e+00,2.784751132863339862e+00
1.826413262526285664e+00,3.046046612365935768e+00
1.698823342018312310e+00,2.319465445869336673e+00
2.045680121058574663e+00,3.610176697835597359e+00
2.087835213489512842e+00,3.187559011749121929e+00
2.114638974183538966e+00,3.274345209459157857e+00
1.978349059193154513e+00,2.517546387297092014e+00
1.992778983992850694e+00,2.882890558637991596e+00
1.860272389795159409e+00,2.309072218247408603e+00
1.830069320769516672e+00,2.394396631862141689e+00
1.726017581630472364e+00,2.134187012233232039e+00
1.881148038357378427e+00,2.757113199793145064e+00
1.865423798695850399e+00,2.568854810970814029e+00
1.732094910438018776e+00,2.108121636450095870e+00
1.607896763055099987e+00,1.911514442745936737e+00
1.504593748483319837e+00,1.769619674445367385e+00
1.840894095697767963e+00,2.643050361450450136e+00
2.102214108799174141e+00,3.484296994624765276e+00
2.061172971493382189e+00,2.875868882417126571e+00
2.303112396786186622e+00,3.943415272048673259e+00
2.359083597371624208e+00,3.663048794024329702e+00
2.190876391621911168e+00,2.756580351570229404e+00
2.124357936102717392e+00,2.663694207238628486e+00
1.997352429343614677e+00,2.372154528061164669e+00
1.852177220913933553e+00,2.102232753769075480e+00
1.741724418762801152e+00,1.966336294063164791e+00
1.733118380484388155e+00,2.125831047955167641e+00
1.692890832951682079e+00,2.029721236892362946e+00
1.690939855019969240e+00,2.122184142659399253e+00
1.583993688862128435e+00,1.864297466391935831e+00
1.510321849233846825e+00,1.680446810446281525e+00
1.388904476198642213e+00,1.528829545590780326e+00
1.272837751369601644e+00,1.401479760012808384e+00
1.168104113409371925e+00,1.321987560227473546e+00
1.108933105790294693e+00,1.241321556686401539e+00
1.027247004629093352e+00,1.153853706566380311e+00
9.733567223627749287e-01,1.140079737735198995e+00
1.018468455589587762e+00,1.223850438174747923e+00
1.018856731655232606e+00,1.249334813065780869e+00
9.660196982298588919e-01,1.185404611555725740e+00
9.051217679138247041e-01,1.114029759639554529e+00
8.464418592432055855e-01,1.043954624310126533e+00
8.015452257226157728e-01,9.910797811185180217e-01
7.627780914333647244e-01,9.436192184750157308e-01
8.022096909555374022e-01,9.893866833235231972e-01
7.961773295090371905e-01,9.897526942229456504e-01
7.777020073965493774e-01,9.733013630451391451e-01
7.570090184125669586e-01,9.330999749380008979e-01
7.085557905412186441e-01,8.875329892360467321e-01
7.389123961677966923e-01,9.370565676561063428e-01
7.165929242395581156e-01,9.202828427228860741e-01
6.967109307296848186e-01,8.885936777992671232e-01
6.465327398838656148e-01,8.307454069348553238e-01
6.407231244031768025e-01,8.323887800233821244e-01
6.059125048536364577e-01,7.942586957279567095e-01
5.694802067511389732e-01,7.493258557803067488e-01
5.494117240596259055e-01,7.162549801841587849e-01
5.256831396379560983e-01,6.746415323002913356e-01
4.936910683877634431e-01,6.312971648870009389e-01
4.610517272775497832e-01,5.888087152781923406e-01
7.214153100112761230e-01,8.873285041982864607e-01
8.729312791127289417e-01,1.117551443737290429e+00
8.762183939813359412e-01,1.145513501049945759e+00
8.493550635035864715e-01,1.128749754172420516e+00
8.559430631874282991e-01,1.142736343081361738e+00
8.926009757624916441e-01,1.188898780660023746e+00
8.549179938243097743e-01,1.136767472244410326e+00
8.292005787662029004e-01,1.082627105464966766e+00
7.831217401521488597e-01,1.047520738499255533e+00
7.354749614198482499e-01,9.872845774654976925e-01
9.920413658557637460e-01,1.285508157946826158e+00
1.004525520063885402e+00,1.303917732174066479e+00
9.879906708336604337e-01,1.283791795006188563e+00
9.453792161994372112e-01,1.218298174074861517e+00
9.001253793750677579e-01,1.201111890223797829e+00
8.501029701780189463e-01,1.135850355305774384e+00
8.040323639456311566e-01,1.073690852155775755e+00
7.656811031275908563e-01,1.018825917221712229e+00
7.416118749096197726e-01,9.760594885350243333e-01
7.137618454083899389e-01,9.222317963475504810e-01
6.719875084040095592e-01,8.645249763164329915e-01
6.256679428005567090e-01,8.047667261278169670e-01
5.829436721275167432e-01,7.488189970169745191e-01
5.412370959796398706e-01,6.948667735058424721e-01
5.461293806081274349e-01,7.218053750580325501e-01
5.367120803919941396e-01,7.133093995639734342e-01
5.125582217431974286e-01,6.787393671690191699e-01
4.792850856518547920e-01,6.359635163802033198e-01
4.451780914839268410e-01,5.916293233059446433e-01
4.107829555961380330e-01,5.605111879743552850e-01
4.724036124292246286e-01,6.372073392547545900e-01
5.226392013437953787e-01,7.020733940936991768e-01
6.469899769790106170e-01,8.457394713090387040e-01
9.947058690237099432e-01,1.269078173335116189e+00
1.340468647565510096e+00,1.944733397526787089e+00
1.364424769242964741e+00,1.865641960720350490e+00
1.342677688350913279e+00,1.768515565376424847e+00
1.291348774028004298e+00,1.662077727796386073e+00
1.215908966552796677e+00,1.555850730885354194e+00
1.143317431893930314e+00,1.457770222104018742e+00
1.108342003063374603e+00,1.492447121692678458e+00
1.093965341355169540e+00,1.463549014309150964e+00
1.045148299985034113e+00,1.373526276226944232e+00
9.880700297156300715e-01,1.289823153772604813e+00
9.319575243362120398e-01,1.211766193510174450e+00
9.001961435376238940e-01,1.158003204724871171e+00
8.749281196957712226e-01,1.104062329436138024e+00
8.364032447031963802e-01,1.045017401614150909e+00
7.955522013476767906e-01,9.885736872698274169e-01
7.891252167961830821e-01,1.011746125278953246e+00
1.842926116111929691e+00,2.348748356201837417e+00
2.376347987418129026e+00,4.524859706279583449e+00
2.349214447242774728e+00,3.347844245419106191e+00
2.275519750281458364e+00,2.863181778292310575e+00
2.195188556374011668e+00,2.611367091765307347e+00
2.097122200878574816e+00,2.439904708674807132e+00
1.987386500123244470e+00,2.299994355474489716e+00
1.883285407982373094e+00,2.177829665855848695e+00
1.780984712847955675e+00,2.061855657855986568e+00
2.011024763661354076e+00,3.407288499341886823e+00
2.158851683317550396e+00,3.547685495571482051e+00
2.067381027661618464e+00,2.694206930874424977e+00
1.985086437784804092e+00,2.333589159326612705e+00
1.893398227654756960e+00,2.202038722183054631e+00
1.873811043816937749e+00,2.288226617756878412e+00
1.792030618574409706e+00,2.066074443766402702e+00
1.772853799488311122e+00,2.189327495604047602e+00
1.707318883729785686e+00,2.018136184926177634e+00
1.638380580840131717e+00,1.872112297422662053e+00
1.564385616586106531e+00,1.754744714820378526e+00
1.557818151081894698e+00,1.848899200034176626e+00
1.511041216184474401e+00,1.733249105288838798e+00
1.474904580122633480e+00,1.705037993007411767e+00
1.423163570062480954e+00,1.615827621091637800e+00
1.375172745057346324e+00,1.547792388223924620e+00
1.520868607284753482e+00,1.899474853268840580e+00
1.594455953317825081e+00,2.003171442693733262e+00
1.570686747388977400e+00,1.836556783562412587e+00
1.606334213574738934e+00,2.047693708956440872e+00
2.374878043063082256e+00,4.340916734262028953e+00
3.115032400269970303e+00,5.750142714887271467e+00
2.978220888309242476e+00,3.850561458447663288e+00
2.968035755044358126e+00,3.689260105263699074e+00
2.875972949156044844e+00,3.285109146919488410e+00
2.711293028152732543e+00,2.726439138109948868e+00
2.563957936437930130e+00,2.471058023925008840e+00
2.431563550291708786e+00,2.321873457666324025e+00
2.293198657731255530e+00,2.204879161581461577e+00
2.168426261382504272e+00,2.106900396652847451e+00
2.054063739654950815e+00,2.017604714592154291e+00
1.961315895437169221e+00,1.943433712367552912e+00
1.862779450804245673e+00,1.863358680758056662e+00
1.876887055585323871e+00,2.159625876712633286e+00
1.966369288755983602e+00,2.414912402543179404e+00
2.070365431745984530e+00,2.655532965026742520e+00
2.070669723800383277e+00,2.479230855803344458e+00
1.987499890416969617e+00,2.157007879231147118e+00
1.920138433779708942e+00,2.054491747680471381e+00
1.846139959076866788e+00,1.920569682297909697e+00
1.777110690770253854e+00,1.833022014791009013e+00
1.754739195087174020e+00,1.903124646680075749e+00
1.853083217022534201e+00,2.256080352120521937e+00
1.811756917792341159e+00,1.994187458638643884e+00
1.739732069152899463e+00,1.849434454908526870e+00
1.670409960942174310e+00,1.753873819006335877e+00
1.611965220101095220e+00,1.683275825091276490e+00
1.551230843567005246e+00,1.617371462994035891e+00
1.499671404086490023e+00,1.560089626060407131e+00
1.452306643145022669e+00,1.507147076331086799e+00
1.417515066923245026e+00,1.490398925087994764e+00
1.374932338003109322e+00,1.435301020674299544e+00
1.334049100622425321e+00,1.382822880732911486e+00
1.295024231829621897e+00,1.335367001232810047e+00
1.506599440383041166e+00,1.686854563134881024e+00
1.647812559354692397e+00,1.956783232517146143e+00
1.634857404785541313e+00,1.817875705453291690e+00
1.595174456620208403e+00,1.727404679817395650e+00
1.550729064527065271e+00,1.659861782025875421e+00
1.506579076598242528e+00,1.601489596953400207e+00
1.458166309082214340e+00,1.543143227061493317e+00
1.415775353496213640e+00,1.490171801805003415e+00
1.379683548203910703e+00,1.458062527792993945e+00
1.338081793897653915e+00,1.402436213194814041e+00
1.295903581509365354e+00,1.350093352557533377e+00
1.257129670211148520e+00,1.302241114187511428e+00
1.261173557817648838e+00,1.320644250705215406e+00
1.387580308725562261e+00,1.518463344770052625e+00
1.405922027888925951e+00,1.520498894495085462e+00
1.416498195616380462e+00,1.553180543693731375e+00
1.532141694882322769e+00,1.763707088252350896e+00
1.653920296177460392e+00,1.972716510552530611e+00
1.638835459950675810e+00,1.819305138095545393e+00
1.626104596152870174e+00,1.801661048904529050e+00
1.666137951894123725e+00,1.950361883933833695e+00
2.052260829164127109e+00,2.847388670125005294e+00
2.465666299348198365e+00,3.752151000996057029e+00
2.407353587032706521e+00,2.858898524336592750e+00
2.309902568289704305e+00,2.459590831987950477e+00
2.544742257495616222e+00,3.379648290193555393e+00
2.645984218683159028e+00,3.324845627863803443e+00
2.526416614709004804e+00,2.647043400874567798e+00
2.664211150919875593e+00,3.159195711990646416e+00
2.951652457015148556e+00,3.858050179799714208e+00
