3.822526096994263156e+00,2.403043198930517876e-01,5.312093015086154537e+02,1.278228209756647527e+00,3.826615689962191424e-02,1.232937953608807424e+00,9.576049462392628719e-02,4.541649824562336846e-03,3.439742328866585153e-01
4.394121705682410450e+00,2.137705914401906715e-01,6.687303917065274845e+02,1.895112132110973624e+00,2.444196007282466165e-01,2.366302767562122877e+00,9.308814380151725354e-02,1.549328925256225576e-03,3.468045520537839099e-01
1.734342375965008731e+00,2.195544118296162139e-01,1.463318900143309520e+02,3.836050227399379509e+00,1.737270701741714524e-02,1.916920048528619747e-01,9.589417712730644028e-02,1.814349210698159914e-03,3.313637798776009058e-01
4.965144121381749542e+00,2.093659154884856821e-01,1.981752349383744445e+02,1.042006503002817386e+00,1.002281251970618403e-01,1.213679073915357565e+00,8.366736046569056562e-02,2.625904203899906159e-03,3.689376533783035317e-01
4.983557757673677813e-01,2.576236689439202476e-01,4.068047384117119805e+02,2.773637042628375404e+00,2.768151435128460292e-01,3.164673802197675023e+00,6.137499390171224922e-02,6.597804887465174347e-04,3.419777384024849098e-01
7.572218958974231029e+00,2.703813302874602531e-01,4.216940144579581329e+02,3.003321223659394246e+00,2.148434337886931667e-01,3.452873623726707697e-01,7.923925880545805434e-02,1.148097161550651595e-03,3.987142226406856782e-01
6.134774411926608551e+00,2.420409707696330459e-01,5.274048322215576263e+02,1.771791394970125388e+00,9.340211223614904024e-02,3.544234335312022921e+00,7.594961619459844604e-02,7.505860409603228554e-03,3.080938475801562326e-01
6.143270297077357611e+00,2.465331213528202392e-01,2.592059098305023213e+02,1.260258596806014264e+00,1.076055379278137991e-01,2.609153964925947644e+00,9.142194173785934963e-02,2.250825121044915111e-03,3.362414367972275109e-01
2.642971311550029068e+00,3.669538743367402045e-01,4.508640235576054351e+02,3.427564878893002653e+00,1.019115041526238996e-01,6.099714477747639751e-01,5.711537461256543935e-02,5.534196764256755878e-03,3.273265184686829921e-01
4.421418872912502351e+00,2.740103825590653464e-01,5.403955170264800927e+02,2.084776942807492262e+00,1.584592706737771306e-01,1.706689717311892895e+00,7.284652552051401608e-02,4.935171797196656260e-03,3.492629936186375517e-01
4.231728887301674513e-01,2.789393377586460443e-01,7.257955596502944218e+02,2.775953902570605702e+00,3.411230213146377449e-02,1.874370044305884164e+00,4.577979438468988971e-02,2.655649637010616942e-03,3.070423528372318023e-01
4.860233725571803109e-01,2.506201911866643428e-01,1.946963471205923213e+02,2.810498863333807940e+00,2.344536904004950739e-01,7.593394549391760950e-01,9.890309807264346942e-02,4.229528486730789981e-03,3.960324478458827624e-01
5.021904572492202901e-01,3.077814039047578887e-01,3.459313999421675589e+02,3.098124388351969127e+00,9.763092229005161660e-02,4.499745876325221827e-01,9.749513133074159954e-02,1.338278947582793952e-03,4.173366779720182329e-01
7.729489933121507228e+00,2.499175403503699211e-01,3.630964798918008114e+02,2.983667083061660286e+00,2.199710456027450731e-03,2.287734610449362993e+00,3.981607205702975688e-02,1.905620811862956433e-03,3.306503304024686063e-01
3.219789231125650408e-01,3.106936314344250771e-01,2.172378267042617779e+02,2.875240317350398644e+00,2.944942790950850209e-01,7.126508969722158415e-01,5.375649864374890119e-02,1.721813123181700506e-03,3.469623938625120418e-01
4.710473326827552043e+00,3.116436045722525972e-01,2.576196483966824644e+02,1.614564079823194165e+00,1.832366708891868812e-01,9.939883394941408934e-01,8.201231015768198351e-02,9.510599585675709108e-03,3.322544589574434326e-01
6.102985822521892700e+00,2.263411161944338668e-01,6.648311439835902092e+02,1.425967076082697016e+00,8.127966861966661599e-03,2.442726089169469983e+00,9.832788678425097295e-02,5.604406428830885009e-03,3.224383092183870092e-01
6.833340864557669647e+00,2.607263425561767156e-01,7.492055302645774191e+02,1.970105528544237483e+00,1.756872844317086957e-01,1.819774473393221736e+00,7.964758023715966251e-02,7.221402454990911296e-03,3.262375014931743200e-01
1.128898380891110609e+00,2.925004155936423711e-01,3.941361467469387776e+02,2.483751816425237458e+00,1.700387419348243223e-01,2.734667184526229367e+00,6.550557216877177236e-02,1.951785303723488352e-03,3.489063569387000907e-01
4.802879970822200306e+00,3.093284668652266922e-01,6.540603422317147988e+02,3.808296923757275021e+00,5.819251754557563244e-02,7.048191726929554646e-01,7.892646732451355507e-02,4.180320068915506829e-04,3.830271167087673234e-01
5.784482947730205993e+00,2.407019996628648184e-01,2.126987537317388330e+02,2.735451964712229511e+00,2.048077781760820615e-01,2.317859093815768379e+00,6.075803408908959924e-02,3.294551420923819401e-03,3.517078242679251288e-01
7.433061634797540229e+00,2.136347760137531360e-01,3.504554503067192286e+02,1.764445608639305441e+00,8.815715871065059328e-02,2.655386483271447440e-01,7.055206737622869706e-02,3.419025986212471512e-03,3.914816312510294161e-01
5.857100055138175776e+00,2.393858864674112685e-01,4.085781238536382034e+02,2.248457430970120630e+00,5.085043810643398443e-02,1.896115981574157672e-01,9.046946126252670972e-02,6.916851359888221557e-03,4.125210580217110179e-01
1.732332448818577397e+00,3.312738866275494187e-01,7.437972211384478669e+02,2.712816019915131882e+00,1.934766352760314105e-03,1.715199365992656988e+00,6.129108451564382887e-02,4.324270268940222373e-03,3.136860652224621182e-01
6.071126159918905252e+00,3.011409693402369858e-01,4.125679565816103036e+02,2.834584638228399900e+00,2.661695408967268417e-01,3.266439138283924404e+00,5.702814154702487426e-02,8.360493604089625636e-03,3.046969308247646779e-01
7.816094383238546550e-01,2.172605517501528805e-01,4.915901428844370571e+02,1.583191757148266321e+00,2.948374978623133358e-01,3.193957236981049164e+00,8.190395779043740943e-02,9.150397528974849384e-03,3.399976487260804037e-01
1.019756941775055825e+00,2.559035058478355551e-01,2.100613322601358846e+02,2.196939434906409971e+00,2.540091808937794404e-02,2.940509016010311782e+00,6.366512249447812966e-02,5.521191431023094766e-03,3.495392156906160785e-01
2.723473166393124423e+00,2.622774129672288956e-01,5.322327203430666032e+02,2.310338534367436747e+00,1.521643670104483870e-01,1.792238940780810141e+00,7.071933240131950127e-02,3.095034288414811544e-03,3.647796311435140826e-01
6.971874758671959604e+00,2.780234947666730960e-01,7.913892945354662061e+02,3.108838226914055980e+00,7.015805230530897107e-02,2.075883580168500941e+00,6.673538166090112189e-02,2.816362339776017423e-03,3.363691931990205886e-01
6.898445260613832453e+00,3.021082091531215319e-01,3.383218231541667365e+02,1.680918522232130785e+00,1.960375379822050512e-01,4.340946425184177837e-01,8.630009485024885130e-02,4.246038105485331997e-03,3.399869544476158412e-01
2.441092820360971416e+00,3.277820203934668220e-01,6.263854079773134345e+02,3.636282444558769811e+00,8.114220719405888793e-02,2.325149084699674074e+00,8.807992254337654314e-02,2.102034440541474848e-03,3.602725005259372892e-01
3.123511424889892751e+00,3.639893502458986241e-01,5.015292642802763226e+02,3.992538280887561797e+00,1.499731331368146514e-01,2.349026073226650191e-01,8.125115363404171454e-02,2.937649039956922829e-03,3.540295739962874277e-01
1.292543926546306343e+00,2.311078678017811083e-01,1.364905038321189750e+02,2.319805421432012960e+00,2.120247936865401472e-01,8.354678372173957035e-01,8.424059202255157475e-02,2.064613902678419724e-03,3.661092302789358266e-01
1.886193119911065530e+00,2.157365682542100593e-01,3.852522945085803485e+02,1.321957641437662145e+00,1.955616268054133078e-01,3.450807782081376285e+00,6.183509290815372011e-02,4.866566587508884545e-03,3.099831588700269203e-01
5.001413608441248826e+00,2.734585504723394678e-01,5.580534168867303606e+02,3.867217967100597953e+00,1.216293081414714095e-01,2.715347777438400723e+00,4.892038256058466733e-02,9.381465250186016291e-03,3.290226568937171248e-01
7.750972350949243861e+00,2.720858546332107775e-01,2.951499727998154867e+02,1.810514273443879940e+00,3.052457035259921111e-02,1.259764164016694776e+00,7.800785525973587264e-02,1.877484310869590280e-03,3.785714632846806094e-01
7.045211107468451139e+00,2.234039067582604676e-01,1.595491949366087567e+02,2.044081703339422074e+00,2.566004446466542133e-01,1.857153764993467737e+00,4.320568573954704922e-02,7.951262560458603745e-03,3.247919934321151780e-01
6.070078877730898270e+00,2.200674775891289237e-01,5.088682957660643638e+02,2.411814333321867565e+00,1.245600050027577121e-01,2.089456527389277340e+00,7.869709336597190130e-02,2.077105451574737336e-03,3.760415842958805266e-01
