3.803165544295782574e+00,6.053754520704515141e-01,2.522153439117125799e+02,1.316587549469619312e+00,3.975142490429847797e+00,2.807898282858324879e-01,4.040584480613985674e-01,9.486542110961828644e-01,3.222528505955196687e-01
2.622249234748146751e+00,2.189403807104645661e-01,6.821202680288479314e+02,4.348701347075956569e+00,9.134370076430503360e+00,8.761098227024147533e+00,1.741734300313712291e-01,3.846118083417515154e-01,1.826679296562094823e-02
2.195882705804359514e+00,5.551056992390891454e-01,6.106426164552926821e+02,7.905025075174198612e+00,8.189975329521489655e+00,5.246508242441686676e+00,2.776033286688274204e-01,1.707461935724375601e-01,3.591352198290953535e-02
4.642943704842792840e+00,5.599281139178742261e-01,3.971603732408283349e+02,5.297497122367577305e+00,5.637992660723845084e+00,4.078086524197989116e-01,1.206059093122054809e-01,4.201285536131912912e-02,5.030029688779869002e-02
4.539569139066651715e+00,6.661959878277645686e-01,5.228640794632723328e+02,1.907367304075275216e+00,4.643596115765841859e+00,5.340682963004729444e+00,1.414433599432864674e-01,6.579126129926287092e-01,1.830326815579713662e-01
2.173320550016769326e-01,2.731135512238089813e-01,6.641589723162998098e+02,3.133056548472423319e+00,8.371562712570904452e+00,1.975821992217448697e+00,4.758023972628379061e-01,5.850700739502217446e-02,5.573426472155817990e-02
2.578627110438204362e+00,8.010777865328897462e-01,4.177067558750752028e+02,7.637081126183185020e+00,2.876713362881470615e-01,2.184667303249233861e+00,3.767703354470645083e-01,2.669727222348837192e-01,6.759291062374739312e-02
2.952158664738507632e+00,2.272795825381630774e-01,6.408306251002519502e+02,1.097791378743533164e+00,3.209323750239118755e+00,2.795123824077692554e+00,3.873990777894084081e-01,9.622928776960127939e-01,1.660071059769682167e-01
8.539456041256965335e-01,7.618862046231532625e-01,2.849335216905651009e+02,1.510437129761081687e+00,2.019244984416260991e+00,3.977564709843057766e+00,3.123773526150355195e-01,7.293702998216939903e-01,3.409726532222481232e-01
2.474744797151965159e+00,6.354226761956797143e-01,2.582389118611407071e+02,3.017794685150724021e+00,9.542323115169262238e-01,8.469210390877250916e+00,4.723500728025963324e-01,2.565471420591394214e-01,2.723103630525969265e-03
3.906859660801593748e+00,2.680526700948306917e-01,7.338405776593958763e+02,6.217901321261047887e-01,3.013774055036360977e+00,8.985903894927817603e+00,1.714348608417999853e-01,3.230720077646810351e-01,1.314284608086194739e-01
4.133805555591957059e+00,8.057151661840309398e-01,7.313394254008709368e+02,6.369527786044596240e+00,6.891811067738625063e+00,8.893509055405726116e+00,1.077092646531137982e-01,8.262791215831772895e-01,2.735242173069596383e-02
4.485170258131871535e+00,6.279098514012791954e-01,2.176941024078599867e+02,4.229968862609330138e+00,2.563801644203759444e+00,3.320594492229643979e+00,1.883365018813545066e-01,7.368946057161483987e-01,1.304866601499170553e-01
3.234174161646446777e+00,3.650769605709536236e-01,3.993791778904367789e+02,1.065578025700070652e+00,6.124360700705233640e+00,9.082737951170324564e+00,3.373905001527391923e-01,5.997697857199481009e-01,1.516245594198584179e-01
2.165234072402054455e+00,6.208282747253048850e-01,1.625090199713314121e+02,3.299202991069720703e+00,9.194305278040690865e+00,3.518982795687319864e+00,3.491543607477594069e-01,1.342979913510329026e-01,1.562905522094082400e-02
4.697883335403022720e+00,5.264920259907456268e-01,3.043999159747060048e+02,1.543987231225105061e+00,7.225427326127920935e+00,6.914073341832631669e+00,2.167064704060682190e-01,2.385787267644222109e-01,8.749988086237214802e-02
4.964994572308952137e+00,6.474418642187748096e-01,4.942678285363082864e+02,3.372894783149497755e+00,7.054719278153170237e+00,4.524590483932382945e+00,4.065907188130090111e-01,9.099394269025615767e-01,1.416531952005624095e-01
3.441647465738251643e+00,8.475813177188779024e-01,3.045839329316191879e+02,2.401829583620441966e+00,3.572888185241005043e+00,6.822202880982909612e+00,1.352129493677999561e-01,5.205232971359428085e-01,1.311347796798773002e-01
9.953975634694802732e-01,6.354603326695043020e-01,4.613575228495884630e+02,1.451790419459070725e+00,2.822645382817739357e+00,8.612651131680575389e+00,2.319524176436403295e-01,2.721467759838370193e-01,1.906274158744140079e-01
1.420288737456605554e+00,5.096048313640633154e-01,1.125479450952760203e+02,3.542418924374688416e+00,6.299280234108242560e+00,3.017463358126576178e+00,1.322978009282784750e-01,6.673270472388866947e-01,2.127242047573937311e-01
2.592312656289388340e+00,8.307154892109159805e-01,1.665159584678631859e+02,5.885862188896810565e+00,5.182385584422226188e+00,2.980465703036095704e+00,1.172270376469867065e-01,2.848402346004979546e-01,1.179672925043268039e-01
1.870099127315245635e-01,2.357587330685713412e-01,2.580199304936477347e+02,9.184756258226118852e-01,8.903856914024208535e+00,6.682914104016338896e+00,3.319395308735327288e-01,3.896799367450261009e-01,1.353240196913295668e-01
3.297772149555775911e+00,3.622703759355553332e-01,5.542071709772453687e+02,6.467070291826708228e+00,7.642295689597176533e+00,1.668194145385905269e+00,2.579642395720155301e-01,3.169160841051072985e-01,1.317088752932409346e-01
4.489072111517144137e+00,7.523257523769246724e-01,7.247224404893458996e+02,2.944073389962994280e+00,5.213539517596520234e+00,7.833315880431949374e+00,3.906579907362858206e-01,4.240464946760943432e-01,1.236400557870351857e-01
3.565888994561674519e+00,3.894758215175780913e-01,6.155419962177837760e+02,3.677200134850546309e+00,7.997135494232036734e+00,9.669668716463320379e+00,2.989738810147752890e-01,2.991192874160487625e-01,6.942206115490223706e-02
3.411972526889988089e+00,5.630186719566301345e-01,1.711350974591263139e+02,4.694888312832988575e+00,7.358910574530211690e+00,8.308865573088535683e+00,3.728551218490854247e-01,9.514629558377406537e-01,6.580297159922965378e-02
1.607407295239430489e+00,8.245811673936928043e-01,7.861522615427990104e+02,3.157361150594444332e+00,8.492889728102920088e+00,6.719147631414970068e-01,1.173228438074754298e-01,9.866640502252421729e-01,3.888070845446178758e-02
4.522511744277294632e+00,2.568453943343802504e-01,2.520005822153165127e+02,5.100465026919431821e-01,3.848243389717242113e+00,9.600777277025317247e+00,4.997369594597770304e-01,2.736456006824216081e-01,2.941095429536488837e-02
6.568375921912784632e-01,7.313287532730184948e-01,7.978030091761009999e+02,6.124718580195096074e+00,3.438697668986613554e+00,4.721785789079767426e+00,1.474099914988929449e-01,8.874225992386668427e-01,9.139606293134494575e-02
3.672040316429454165e+00,6.377088264921965122e-01,2.386153071221347659e+02,5.834507674308832215e+00,5.465969110552681087e+00,8.509021843689213327e+00,3.508430123587474858e-01,4.713293053828156998e-01,7.803951092684313640e-02
1.674178307048237224e+00,4.239425089804588209e-01,2.936021362056334283e+02,3.916834489806317432e+00,7.497436385524608227e+00,1.299613894763924637e+00,2.088979921750982460e-01,7.321224434842916740e-01,2.466315620473068515e-01
2.644151865522741840e+00,6.014405685388704015e-01,5.323967634804347426e+02,7.642448040664670650e+00,9.156394455423903622e+00,8.345282233038366471e+00,3.074099399831451973e-01,5.030994629586701405e-01,7.594827101478185405e-03
1.243571766389566013e+00,7.277483723980264774e-01,3.600040619055846491e+02,3.230435659459408360e+00,9.941855369105114804e+00,2.837993204253130841e+00,1.004503306313015154e-01,5.252429809553680329e-01,1.324387694520812175e-02
3.322512366737245593e+00,4.446203837074315102e-01,6.129290035785462578e+02,7.061972857310069962e+00,9.349352057493478085e+00,3.800016388089165531e+00,4.895925906737582656e-01,9.287407151962789875e-01,1.432660304456656597e-01
3.102197778420934249e-01,5.440814886628710934e-01,3.834193778258418206e+02,1.175046650517245217e+00,4.429557309261804576e-01,2.653340345154082680e+00,2.120273149013090497e-01,6.581487468773592475e-01,3.155786463626411020e-01
2.391526249375083957e+00,8.313633256014351103e-01,3.523092569879565872e+02,5.383671491433143608e+00,3.325876226261330337e-02,3.826307655872751123e+00,4.385504371412881630e-01,9.132217061597898144e-01,6.246016057550163314e-02
2.197595353078681146e+00,2.563730342519477956e-01,6.632096601953925301e+02,5.987846503544140830e+00,8.133120688899586170e+00,7.704130194732801584e+00,3.012689018773739846e-01,8.489944833711280392e-01,5.180830872607411486e-02
2.583131716606921202e-01,8.035806239648741744e-01,4.222500812834193198e+02,2.671262665205410336e+00,1.112843920035848019e-02,8.605360186251278520e+00,4.768231658134771678e-01,4.663173431758134702e-01,4.690247641083278296e-03
3.206972055654152332e+00,3.803568103476793194e-01,1.378801463389654600e+02,7.310762426783451673e+00,7.198377402030165406e+00,6.053041369380304459e+00,3.756684747740377528e-01,4.394237917254925074e-01,6.454587979509540663e-02
4.315666575019649898e+00,7.002792969136278911e-01,2.327227709694361408e+02,2.924739442724026528e+00,6.620480177235896768e+00,2.550131696480145926e+00,3.336041952988313408e-01,7.940678819177808823e-01,2.271629552407655739e-01
5.196840716612132205e-01,6.831461356713345312e-01,2.260391731020711745e+02,7.014715073494297570e+00,1.459121695462353152e+00,3.472339013065732338e+00,3.063892225072661901e-01,6.183551322591990251e-01,2.389688867347361523e-03
1.118527974000985914e+00,7.132361476644274445e-01,7.344772128393416324e+02,4.864837010972212106e+00,5.424190183359463013e+00,1.814437147542725892e+00,4.933805177174253043e-01,6.585950791680259542e-01,1.454019553467079673e-01
2.814240351069200674e+00,3.820827467698653113e-01,4.510360805337911643e+02,1.812149196027836862e+00,9.452566112397263964e+00,6.026751177253197866e+00,2.597575882764256994e-01,2.626717244447394628e-01,1.194864461542187728e-01
3.704219959549521324e+00,8.414563751103536493e-01,5.743838243650150162e+02,5.577060937040092981e+00,2.788997865651448471e+00,5.158488308932621003e+00,2.605666984911879647e-01,9.068046646555587564e-01,1.395462183227436093e-01
1.273612985646744633e+00,6.751394525117001555e-01,7.759694731848819629e+02,3.202244641788506652e+00,9.850194010208277007e+00,1.182951741572356719e-01,3.072829733023121346e-01,5.347760184443818288e-01,4.915131828514285317e-02
8.196717785472880102e-01,6.888077900507211249e-01,3.878291256599677013e+02,1.130085506846562948e+00,5.433006658102391695e-01,1.911608097830141295e+00,1.772312382630147620e-01,1.952678101212174111e-01,3.912845751510519721e-01
4.854117226795965578e+00,2.174771864126245902e-01,4.951801460505174077e+02,4.158113963868492746e-01,5.950522058745224996e+00,4.065403357541643281e+00,1.941817608542585616e-01,4.021944512893820267e-01,2.579006455546484222e-01
4.678795742489247900e+00,5.074140208121228346e-01,2.298025978820115256e+02,6.202869816731839236e+00,9.099363932590357251e+00,1.033721128870903172e+00,3.811690070609804470e-01,4.325231828739687368e-01,2.083993668342716266e-01
2.951238725026588683e-01,6.244646823537705060e-01,6.577015781732067126e+02,5.913656633531207518e+00,4.497247616812573234e+00,5.996214077481283766e+00,2.803224871495068049e-01,2.729366782536340463e-01,8.523722247457377055e-02
4.977261030353545834e+00,8.297754627972149244e-01,3.608215439094693124e+02,6.957708665950560700e+00,6.793773205129569170e+00,2.254546854129411138e+00,3.382290474363728316e-01,9.126825332631626209e-01,1.403145789411885946e-01
3.485025589482881436e+00,2.477454580699608166e-01,2.479089467720681910e+02,1.815531289678596893e+00,9.900131528779674284e+00,4.219712489798980393e+00,3.826946388480648720e-01,4.215790087066232372e-01,1.551641856064639446e-01
1.520863222700394646e+00,5.480754399996176085e-01,1.224723591872824784e+02,1.738478305987336769e+00,5.066040271878913259e+00,9.029719033943390372e+00,2.048987128880722930e-01,3.476267874731766017e-01,8.573132992100718219e-03
3.761497024897240138e+00,4.669713471277371353e-01,6.733053004295103392e+02,2.755994262105704529e+00,8.807501873332435949e+00,4.339778703691919759e+00,4.006638049656889855e-01,7.248275094983078759e-01,1.490758797204031483e-01
3.523053654519843647e+00,6.775855011378270065e-01,6.909659552552287778e+02,9.657918336499937695e-01,4.499674202334118522e-01,7.487183132240165406e+00,1.424612277566837948e-01,7.559202198923530291e-01,1.120220179537311234e-01
1.516365860636046170e+00,7.786986640040002294e-01,1.110593697409023406e+02,2.765484806734394230e+00,7.447657743026265820e+00,2.598566827934773116e+00,1.561431011285022707e-01,9.592580812377424770e-01,1.453332608118321767e-01
1.517325935309366880e+00,8.012918234476958945e-01,7.208627324086820636e+02,2.185359340709010834e+00,1.218910576876413909e+00,2.716964654650563471e+00,4.371131996370578587e-01,5.570246299448367022e-01,3.671787175600831343e-01
3.664710759532201934e+00,8.491198064090932363e-01,7.393638066891152221e+02,6.696244900912313724e+00,5.374478250023363657e+00,7.235148195366268631e+00,2.010386803254591293e-01,8.035103713676834403e-01,6.819793290498332716e-02
4.946824284579180109e+00,5.213166878482820010e-01,1.843175890891491804e+02,6.713060167241473586e+00,5.274348087948929731e+00,5.790465328680551416e+00,1.296424626158257376e-01,4.931467583523733156e-01,9.996030006582179439e-02
3.666704425182369942e+00,6.446650537733197295e-01,2.208031615955426048e+02,1.471236564123990620e+00,3.179126024919892046e+00,4.906895130358887691e+00,4.907071414303569856e-01,3.416124351448808771e-01,2.807590835838469356e-01
4.435020093446038203e+00,7.619221883881975854e-01,7.072843154217990786e+02,2.773200324256214433e+00,1.885565761222026904e+00,4.564532182432467167e+00,1.751931645658059422e-01,7.759057697300603129e-01,2.187625546132313525e-01
1.073038247265715173e+00,1.687200351362181661e-01,1.127603849008447838e+02,7.725181273974402352e+00,9.611907286044177212e+00,3.117205277464782043e+00,3.081632178219210205e-01,7.511655806841204264e-01,1.761877779755771645e-02
3.040563803453026903e+00,5.991297524657785978e-01,2.397052322895441137e+02,2.997982086014207681e+00,9.614071154894576310e+00,4.413106719466918904e+00,1.314050270342069227e-01,7.043123347276792900e-01,8.283864690407005682e-02
3.190589098846273508e+00,4.712746642276917086e-01,1.803311103956719421e+02,2.498075129225612034e+00,3.724230141042819575e+00,2.264077463945004531e+00,3.157518982631675741e-01,2.283640437127625600e-01,2.065824399387156118e-01
3.504412368027984837e+00,7.737766944906225852e-01,5.136385275472372314e+02,7.360088508365793203e+00,4.024575190608910447e+00,4.490926010010021230e+00,1.280878305315189258e-01,1.847974794618039984e-01,8.175693174576748046e-02
8.085552679638284834e-01,4.212058536963145805e-01,4.629317212207788543e+02,3.555095863995257233e+00,8.197826616941970457e+00,6.138696136102263168e+00,2.922005775364707736e-01,1.381015479593499240e-01,6.636436812108426064e-02
2.676067126134913376e-01,4.654712469220060322e-01,3.621675074567371553e+02,3.664199682810771908e+00,7.618102513836428002e+00,1.325445678290572582e+00,1.098343721495660397e-01,8.343794433220302897e-01,2.289091929144796422e-01
2.449276275987946894e-01,1.738253167736040494e-01,6.279469975865121114e+02,1.236305576557897190e+00,9.221090004971273402e+00,4.086379162486641015e+00,1.666696800693975300e-01,8.143843411909200414e-02,9.884344343730422366e-02
3.888999807588275903e-01,6.503033457497651160e-01,6.308752897601426639e+02,3.792514409678759080e+00,6.223179050337665608e+00,6.372468698117585539e+00,4.343657762390333854e-01,5.231104570267877119e-01,9.837569936454348962e-02
1.069848923469367774e+00,7.258060441713000133e-01,6.278543382660811858e+02,6.351228280542120075e+00,5.726818711604257928e+00,7.057667291706416712e+00,1.262947979116390285e-01,7.296586786494562160e-01,7.455839657410978649e-02
2.157751841057473641e+00,3.321610833915878969e-01,6.758096946687920763e+02,1.370991713762234276e+00,2.157237615544195464e+00,8.032989890902552332e+00,2.430172796981844019e-01,6.544408487672657149e-01,1.092035832970994491e-02
4.227219586511787419e+00,7.098482400034250572e-01,6.761058175643771619e+02,3.606972631346784919e+00,8.227081316745216810e+00,2.342493877249689049e+00,3.404423333486366055e-01,9.329167031302647572e-01,1.134670180509573800e-01
1.814163070211283646e+00,7.731476101378690347e-01,7.077208658896695397e+02,2.041582674967443722e+00,6.132134021023188275e+00,4.009336459283944221e-01,4.000576533755865194e-01,3.957234071354081562e-01,2.246671913979102486e-01
2.849987837996997619e+00,6.220919483521648585e-01,4.936529204941398348e+02,2.178774764583163659e+00,9.305673752793595099e+00,5.390128155521519915e+00,4.989801595765311903e-01,3.716435838872075847e-01,6.678270217076975879e-02
6.618805345284499708e-01,8.435370038608946963e-01,4.040132578424090752e+02,4.543658071465404902e+00,9.149393126673999177e-01,7.351454971265648730e+00,1.237165673454630466e-01,6.936302511027611084e-01,7.513794022162489927e-02
4.987254967161333097e-01,6.507083158521822508e-01,7.371680391723125467e+02,4.673250895873994892e+00,2.786127601941113419e+00,4.564226528978285735e+00,1.395816415897313534e-01,5.370440323869309918e-01,6.534022239527081943e-02
1.377529655708855216e+00,2.979228122991374739e-01,4.859964778300005719e+02,1.743386303573168927e+00,7.884466701831287061e+00,6.168232933348442693e+00,2.351659889211552279e-01,8.358978285817325604e-01,1.605749763931215712e-01
2.511428868802555447e-01,3.249475904866524489e-01,4.973786557139056299e+02,6.154392456046605453e+00,9.455225907447619704e+00,6.084423769329511344e+00,2.639866656777621334e-01,3.168487804196775670e-01,9.777103554941435348e-02
4.579781581278450808e+00,5.612881244584843055e-01,4.902788900556050748e+02,5.665700687748596920e+00,8.842405794680816555e+00,1.215201985117093209e+00,2.458825931851657265e-01,5.425396760225588144e-01,1.509861457860096623e-01
3.987603820624870288e+00,4.411463970375152366e-01,3.430875610886112668e+02,1.145428373780140507e+00,1.847934143723635625e+00,1.722096828580705230e+00,2.660260970675170089e-01,9.413993830155229503e-01,3.468533572426650835e-01
3.279592025616611117e+00,6.509305544108621167e-01,2.761625186295447065e+02,7.998641986456764386e+00,7.043917949025699343e+00,6.959485606815256631e+00,2.761171245555260612e-01,4.203340541980563616e-01,5.792377842038209934e-02
4.400368901418678647e+00,2.221899057779755382e-01,1.310825796880617702e+02,3.937985170935919044e+00,7.676330789730995363e+00,3.583708473952768037e-01,1.437810734354538766e-01,5.984087205222204942e-01,8.941741264377633946e-02
3.436360876239611617e+00,4.383548240720993583e-01,1.702275262670336247e+02,3.094169596664832600e+00,4.863420288498230271e+00,7.954041687913534275e+00,3.723022629510478465e-01,1.453478641745080402e-01,3.211236255790073102e-02
1.722707021612198464e+00,3.781697988561177892e-01,4.443976300453994668e+02,1.062391107654656608e+00,7.845802772231685651e+00,5.943700461881094022e+00,1.184907524161153552e-01,7.887808576866711663e-01,1.510703555958273769e-01
3.710411496574695711e+00,7.956413019861500180e-01,6.550237834814445250e+02,7.196508557943464446e+00,5.057758938539352656e+00,1.496721679173681208e-01,3.260593205420030394e-01,8.948623407291740328e-01,1.402002964965480825e-01
2.289608322978013533e+00,6.117782067749620856e-01,7.816061820823048265e+02,7.732621361936623750e+00,5.101622965112744268e+00,5.263128688377513242e+00,1.618269118215331925e-01,3.668127535976625220e-01,8.378978010619875239e-02
3.745392680818192543e-01,5.484526737383443873e-01,5.593380045373735356e+02,1.355897672164182666e+00,7.723936981361672061e+00,6.209558086123126763e+00,2.477105036672531124e-01,4.843737731296955951e-01,1.144317161281430684e-01
3.336215356668582377e+00,3.386381253511184242e-01,5.067505647727717815e+02,1.882244712007158816e+00,9.728610177595408359e+00,8.873360137688512950e-01,4.051076343995273499e-01,7.043205881491058917e-02,1.717311147089626289e-01
4.053711326968089779e+00,2.292959498768212534e-01,1.797901684827153304e+02,6.195575714278804824e+00,8.215038577461736935e+00,1.392886059611516680e+00,4.110838955350203383e-01,6.013100730606880662e-01,1.201556216555459411e-01
3.094928030842086564e+00,6.015898864509899857e-01,5.728193318427977374e+02,3.542350532262177776e+00,7.991139261671542648e+00,8.235459232551475495e+00,4.086252897836791798e-01,6.212524886118978573e-01,5.614333748407629443e-02
2.089566335367435634e+00,5.691240107482276045e-01,3.655613498263806491e+02,5.632304672230691978e+00,4.698867520529165454e+00,3.156543275946976479e+00,1.491249081959449829e-01,1.553227483196079339e-01,9.143659850856233895e-02
2.438666155190995610e+00,4.180508025348294021e-01,3.135182094588701034e+02,7.424719223355316089e-01,6.206476327872851861e+00,4.635913473124396056e+00,4.401629732418591567e-01,7.191545420698542967e-01,2.141932731981264215e-01
3.175655920431515788e+00,3.894871688504450979e-01,4.099197003884911510e+02,5.443737056884286885e-01,9.406968522109931286e+00,3.119577686311037379e+00,2.731422987093118371e-01,2.848571408909095770e-01,1.945688639926312913e-01
3.334361491823879753e+00,4.412538741565984468e-01,7.515656085382212268e+02,9.839540933006079015e-01,8.752576084049255911e+00,4.367406274902222663e+00,2.340409475169506759e-01,4.122783141488534642e-01,2.201179757730366005e-01
2.874984888675518047e+00,5.540479733204676238e-01,7.529217998196851340e+02,5.535918058305248302e+00,9.273912607130833763e+00,1.990983008051335101e+00,2.023981139362727166e-01,3.067546484632469039e-01,7.387351024854871273e-02
2.987172508051220809e+00,4.528083615658604622e-01,2.000848400606402322e+02,3.229582923753130608e+00,8.173992752579273713e+00,4.770777966159377215e+00,2.832220430186052074e-01,6.584510695799048463e-01,1.522266371071325786e-01
9.157223777489063021e-01,3.233558471447595117e-01,6.744716076222666743e+02,1.147543704228898731e+00,6.236443815516282463e+00,9.661532782446297318e+00,3.511319506897897513e-01,9.667648493701661572e-01,1.772744301639478381e-01
1.872836703319827656e+00,6.212239646414433603e-01,3.001023642027798246e+02,1.097213596248109102e+00,6.510579324955408254e+00,4.912947472834325424e+00,1.955662579906718990e-01,8.181993617551608367e-01,1.218651608851571977e-01
3.263663314548534977e+00,7.871492079663969799e-01,1.622427601485179025e+02,3.360358285952497415e+00,4.414066070004731834e+00,4.103461009282471039e+00,4.579926872101697244e-01,3.288526164687382569e-01,1.919042329677175251e-01
2.373678789816216828e+00,6.416560593050906203e-01,5.047743140113742015e+02,6.887118842431222632e+00,5.259981563226649115e+00,1.355561579936169547e+00,3.473013397896826948e-01,3.404367814460576569e-01,1.371459037242940271e-01
1.091435588775042431e+00,5.540157961382603524e-01,3.949126235906768443e+02,3.684958173846685892e+00,2.787626792328874448e+00,5.158960152089338891e+00,2.589175288999777114e-01,4.823184296023569906e-01,8.695047287802060154e-02
9.790787755259214853e-01,3.130401524073574970e-01,1.974755168781954353e+02,6.415175829370223681e+00,8.147200784767118620e+00,1.411955981437073571e-01,1.078710595509216330e-01,2.124417170435045910e-01,1.441264900584953157e-01
1.118090672866995039e+00,6.280273923096247879e-01,5.133401094280884536e+02,1.965916103508837054e+00,4.465330245674467236e+00,5.945521079504911377e+00,1.759487960053217059e-01,7.177435914600882594e-01,1.905081539891125830e-01
1.153769948246007537e+00,7.719754195724595203e-01,5.895962357362423063e+02,7.073240709432361051e+00,5.984969404245940261e+00,5.940300993346249392e+00,4.962578827357581046e-01,8.459743791596462462e-03,9.471139501301295560e-03
1.036212872969033416e+00,4.787622120250223379e-01,5.047507372058444162e+02,2.817907121852899710e+00,6.631384385503929835e+00,2.830567207700467769e+00,3.661309732130225703e-01,7.291694889792952328e-01,2.185330493962794884e-01
1.258363668405190872e+00,6.904472032346085086e-01,4.415316947250484532e+02,5.936074553107397733e+00,2.731691818016676265e+00,9.230702712461436477e+00,2.712375391497962029e-01,6.056303991676192933e-01,4.618577732470119379e-02
3.506332845886221072e+00,2.549594025626352733e-01,1.214687595535714024e+02,4.148306322370751253e+00,7.068531933688299240e+00,1.679913676096534525e+00,1.723213781692291280e-01,3.721144897819060882e-01,7.162851769900213661e-02
3.342989738367642349e+00,7.011516926733636357e-01,6.845668282246246008e+02,7.945818968030331497e-01,4.640895249437419601e+00,1.199007680451029234e+00,3.605483349765639112e-01,9.011575735210923810e-01,2.073682784622293829e-01
3.377118669317227706e+00,3.662103240325045306e-01,1.462903968687473366e+02,2.765781525030396093e+00,6.414570106029954033e+00,8.949352887601138562e+00,4.219124366110446056e-01,7.107466850904053945e-01,3.007587016508805888e-02
3.348481191078001906e+00,6.703231763261379150e-01,7.452907652799310654e+02,6.378854060198218434e+00,5.559815239820557586e+00,5.285861232598730586e-02,3.090147432631529800e-01,7.748073842444032078e-01,1.389238247115612834e-01
1.676488671323819624e+00,3.896818554860971284e-01,7.287830565956339797e+02,6.455617846200805587e+00,9.939016611744612817e+00,2.480777506917297703e+00,3.017197572969628760e-01,1.166005397814746103e-01,6.302927701402760707e-02
1.382820416256522078e+00,3.126692186702216825e-01,3.427701341792936773e+02,4.046418213997123203e+00,5.352879169203650811e+00,2.680608429784602897e+00,4.721434340885012348e-01,7.356110411282854589e-01,7.070539754504379104e-02
4.022112977654465737e+00,3.706398640676489276e-01,1.941081920638934832e+02,1.247459192298652653e+00,3.765374191708453111e+00,1.960626179825172732e+00,4.877474494640040570e-01,3.448097913436242584e-02,3.189942739701668861e-01
4.259837133674219345e+00,6.614816461860172359e-01,1.360752311424027141e+02,7.246674398563281549e+00,3.919340957500017986e+00,8.808398829109368222e+00,2.547861483099820301e-01,4.602811522644671416e-01,4.388454656550111466e-02
2.666017618038164283e+00,5.086385697827581209e-01,1.517064184779906100e+02,1.144017872811631920e+00,5.719325441285792344e+00,2.645833333906476792e+00,2.046252749783686320e-01,1.510967749787727604e-02,2.988972352370332652e-01
1.025226477295561045e+00,3.436719430895041061e-01,3.275581052210826556e+02,3.716638558580307894e+00,5.957387135096109176e+00,4.893302069044099589e+00,1.653267161021924059e-01,3.884158140647701596e-01,7.410235089212680037e-02
4.154592659764049678e+00,5.840643788444711548e-01,3.853817660436263850e+02,7.437259696869981340e+00,6.506167209536087626e+00,1.104642287821268276e+00,4.509443489216328205e-01,2.923411679353950521e-01,1.467890402480697132e-01
1.049738065263819964e+00,6.799933222505970543e-01,1.688703164095579154e+02,1.439092703377190974e+00,5.294499768883767388e+00,5.982040759415679254e+00,1.323911234154392658e-01,9.849643906327891774e-01,7.368176725929997950e-02
1.544234023837558756e-01,4.575408709900188331e-01,6.796912518680794619e+02,8.209211289317450699e-01,3.950074458978031444e+00,4.638597533427882169e+00,2.595012884081708826e-01,7.173841385110530933e-01,3.040823425114581591e-01
9.976082310634475370e-01,8.450150982856575732e-01,5.730926731962094891e+02,7.803661447446260446e+00,4.817721133132693012e+00,7.698345434336496318e+00,4.716207406940756686e-01,7.651967116618245690e-01,7.582276023649270336e-02
2.492719194041137509e+00,3.768236427011542045e-01,5.797530140669878165e+02,1.863604009420854135e+00,2.524933342292120297e+00,3.785230692539104602e+00,1.125576296437283408e-01,5.961336199892952603e-01,2.906491651937748166e-02
4.995816954012181066e-01,8.443056800198167622e-01,1.186064097059482663e+02,4.646717417225072921e+00,4.049050426119644719e+00,5.163465299899950622e+00,4.056883992033172293e-01,8.367419680244865265e-01,1.532238915404681157e-01
4.419223436891734025e+00,4.362610604103136502e-01,2.884145524187213141e+02,2.651179585835741648e+00,4.010401878938305131e+00,4.467221052157055006e+00,2.555742313400745092e-01,6.763616733353077226e-01,1.325134216250081209e-01
2.553809706567621518e+00,8.135790323911479272e-01,3.837972441210607144e+02,4.671169282063309502e+00,7.969832058910243155e+00,2.868820444906266864e+00,4.717426892370876201e-01,6.882175235428608095e-01,8.010028891116605099e-02
4.244820404051356633e+00,4.765454652847863626e-01,4.156233880086347199e+02,3.698055854136790277e+00,8.795321698815968148e+00,2.256214861497135793e+00,1.611775868244859911e-01,7.909775602337741907e-01,1.938942925453600585e-01
3.968055662242051085e+00,3.133430845827201994e-01,7.230455369972014523e+02,7.723125030923111645e+00,6.694720100084303738e+00,5.952173567426385370e-01,4.367410234091194665e-01,4.755892143639848246e-01,8.428522890427192493e-02
2.165208811429072178e+00,6.294013290205616729e-01,2.993541749229636935e+02,2.938442539970107070e+00,7.598338246198576229e+00,5.487563225724013449e+00,3.547634062178063319e-01,8.615548149188887450e-01,1.178001966707458159e-01
3.989923633579121720e+00,2.988778901243050456e-01,7.251573160533066584e+02,2.919742685849942010e+00,5.750550611469139817e+00,6.703311952555306874e+00,3.593017551310747626e-01,9.971550828133930455e-01,2.552473614252548373e-02
4.145922540222233721e+00,1.061836247506697251e-01,6.164313209305410055e+02,8.190449970956268366e-01,7.952796707016191569e+00,2.230614942080133556e+00,2.883978451421682632e-01,6.087820264493187805e-01,1.091693998420247835e-01
3.945135450019336965e+00,8.308680546121413046e-01,3.049790238499182351e+02,3.826481648828240711e+00,1.619843795503389750e+00,1.591102665806267691e+00,4.209608557319474142e-01,7.662058775518756915e-02,3.185566646789326217e-01
3.524644984996601949e+00,1.844061500443026913e-01,5.608729993260349147e+02,3.741062609796838578e-01,3.540955093327041947e+00,8.493440311171909229e+00,1.592374586273791748e-01,6.881335723655450654e-01,9.510002341939405301e-02
2.617773531721327984e+00,4.333454917880561474e-01,5.912334472365319016e+02,2.122085908176130520e+00,7.796738523097044293e+00,9.859621742357576935e+00,2.894918558119654595e-01,5.603533765699718616e-01,1.011564629619112754e-01
1.397837013396272976e+00,8.140753039158213911e-01,6.253077409336686969e+02,6.076910551599478794e+00,1.107256976253141456e+00,4.387788644973349861e+00,2.146504497914816789e-01,6.751970604332693249e-01,8.704116268049344463e-02
4.393455432129049765e-01,2.567683246581813350e-01,5.437268971207681716e+02,2.623292321936077975e+00,6.035802335631021087e+00,2.015687690957824074e+00,2.999235879485842582e-01,1.159356858469701435e-01,9.600631601127340709e-03
1.342335456434923691e+00,3.360873249501821758e-01,5.424441533326507852e+02,3.251598123096953952e+00,6.238386015230070747e+00,5.935508488829579044e+00,2.656043219103620956e-01,8.031824481986207243e-01,8.996077939499436127e-02
1.446435217517937577e+00,4.845613598550977397e-01,3.223891027899010737e+02,4.845331056263478153e+00,7.543792792884736365e+00,8.099162836189562897e-01,2.278214762302521457e-01,7.288824600644854268e-01,2.345004054230358514e-01
1.998788050771843183e+00,3.555016989587423959e-01,4.794933749403996899e+02,6.677182484424902142e+00,4.892399317909120526e+00,3.725500094161425135e+00,4.277282474283019553e-01,7.258482868127480447e-01,2.793263202660212219e-02
9.167510590496573686e-01,6.391505853544033888e-01,7.076460155269385268e+02,5.729277130265168161e+00,4.421446341711231298e+00,1.533209749952677114e+00,3.599445995578254287e-01,2.259209055347951856e-01,1.116223827228065568e-01
4.454123108631200090e+00,5.463121574620204424e-01,7.943893846745396559e+02,3.350820857096433514e+00,7.208587243089947805e+00,9.192176138200441216e+00,3.981812981727698153e-01,6.667416921357952053e-02,4.138804275341811945e-02
3.519394582100078495e+00,3.830374226975689078e-01,6.263191083753448538e+02,3.829195103660409050e+00,4.614110455961863977e+00,8.304220759758699444e+00,4.055037616179802962e-01,5.356852630917067204e-01,6.169678011168522325e-03
3.113923605066982736e-01,7.911753252649701418e-01,6.406109647590948271e+02,5.745256344203245824e+00,4.275527248952126769e+00,3.271615913656062524e+00,1.141353092891013721e-01,6.846784624864595825e-01,1.245849330930158816e-01
2.321438940855978128e+00,2.531566786625220611e-01,6.657237039580206783e+02,1.669635086569563720e+00,8.945756480180776293e+00,3.053376276358328312e+00,1.808409186223819409e-01,3.214839579938077452e-01,1.743834124689394027e-01
1.450141531174939047e+00,5.850888821760321656e-01,3.423413962087798268e+02,7.802880253425396262e+00,6.372380709671622512e+00,1.678661912685869506e+00,4.744778309154297213e-01,3.407814818652579181e-01,1.560060514575062340e-01
1.301322511937628379e+00,6.663086895202144921e-01,2.079118028518791448e+02,3.032632843516455790e+00,6.024089142349261294e+00,8.982810188106910232e+00,3.017767324320559386e-01,1.037255766355442768e-02,7.273822691549791664e-02
2.722293866213726155e+00,4.908378668555960500e-01,1.819188299698231503e+02,4.296685054374272283e+00,3.882225887166196543e+00,2.709765894634733385e+00,2.783221079736208914e-01,2.256254093736335120e-01,1.025983396194233288e-01
7.041426989579350204e-01,5.658197427125396528e-01,3.668799519459942644e+02,1.833950486353810749e+00,4.907205171458532078e+00,2.982516010547237695e+00,1.024252910655334969e-01,3.758121500059576903e-01,2.061936900118537253e-01
2.037227872414407059e+00,3.422128500866238321e-01,7.882830799644710851e+02,6.422056027669962308e-01,9.739427492839737965e+00,5.984241466987719527e+00,3.933306523721566972e-01,5.817005256020194581e-01,1.708873718976687828e-01
3.679320635913234661e-01,6.008667910152922786e-01,2.762307256064616467e+02,3.285128696689365135e+00,2.576832037446350476e+00,1.437816759247159126e+00,4.914058895449552322e-01,3.956096362006086831e-01,2.555701429736157992e-01
1.791072412878721876e+00,5.273989888293445505e-01,3.145349230656064492e+02,4.290679888865509106e+00,6.986562183143297133e+00,2.423888226078037000e+00,2.788405144848995487e-01,9.875626117180117403e-01,2.258577165122288566e-01
2.587798124060087357e+00,5.943289606445669726e-01,1.947106013938501405e+02,6.434321441676344122e+00,7.401007171223158210e+00,3.795761658027744234e-01,1.160686597220086935e-01,5.012286710274841406e-01,2.244672589198791757e-01
1.762374513268135878e+00,4.568673792585420390e-01,3.908398732165131833e+02,3.660003414712130532e+00,4.900189938557812930e+00,9.532456775210624400e+00,4.591061666873635927e-01,2.572796096672547717e-01,6.312565333311903615e-02
3.784472474945041576e+00,4.067676945077542960e-01,4.612810354622741897e+02,1.557532056002868703e+00,6.854620806971908564e+00,2.791116996813683748e+00,4.675667948673719598e-01,7.585894970461609654e-02,2.803204498228020203e-01
3.436701894124191359e+00,4.321130304303110181e-01,2.220103814953734513e+02,1.036753736268423154e+00,3.811822009725601479e+00,8.029929072294432757e+00,1.396905051188771507e-01,1.348233570025846040e-01,1.094631504257347343e-01
1.871286402207432698e+00,7.244842744418139580e-01,2.143832268729289581e+02,6.999246688918560722e+00,1.794968657230666231e+00,5.074976444374271090e+00,4.385715987413945083e-01,1.349278265932627452e-01,3.645578651962688710e-02
2.879408334138366943e+00,8.040937773381274800e-01,6.721099750014683423e+02,6.920661206737418247e+00,3.726996068715817234e+00,3.001939645515258714e+00,3.065218526804561749e-01,5.925753525024365365e-01,1.223073554908230554e-01
4.767996755401567199e+00,8.160938621938889082e-01,5.292354651036332598e+02,7.680195667233041590e+00,9.603644444951608961e+00,3.548801533429565502e+00,3.820706156604380954e-01,7.391930250354825649e-01,1.289824722454147032e-02
1.355406362203646520e+00,4.527976443711543286e-01,2.459681174437897084e+02,7.986666566099136055e+00,8.037682317813100497e+00,8.354354476522994899e-01,3.538182203792938907e-01,4.130107177909296268e-01,2.194962320177432646e-01
2.150732553257186375e+00,7.239580246602314029e-01,2.232464592853328043e+02,3.425378623785626520e+00,5.375151466837328584e+00,8.457949413840101016e+00,4.003112287848165085e-01,3.818301834482301094e-01,6.769450532776821738e-02
4.380003183245078091e+00,2.749714652788436409e-01,3.969278178772422621e+02,8.773411890514397626e-01,4.546595625713384159e+00,3.814870810875345075e+00,2.409646535433024594e-01,7.525779470181468422e-01,2.804095779557281842e-01
2.712924612188887252e+00,4.344515423920987107e-01,5.084422642665102785e+02,7.092906652697543279e+00,7.561770133069674493e+00,8.933442550848491592e+00,2.826882917823144159e-01,3.373865246415704844e-01,7.101819944165621568e-02
3.411215913764195751e+00,3.237875900184489231e-01,5.007285428296698910e+02,9.090063147095734930e-01,2.052969456483108246e+00,4.686679889546676137e+00,2.694107939289883680e-01,8.024934081074264203e-01,2.195645034170865539e-01
2.690336011139311534e+00,6.806468096960542891e-01,5.211583081666894941e+02,5.250190280280026656e+00,3.519841250023818091e+00,1.586103283609113790e+00,3.421102692182125260e-01,9.840381518050508314e-01,1.693359519870414331e-01
4.507345038465145670e+00,6.708892939400474820e-01,3.864384589678033421e+02,5.130773604027695889e+00,6.753921889049397720e+00,6.402885447298308996e+00,4.077802896020671364e-01,3.163301056699076574e-01,6.290881209327758850e-02
1.812949961261439036e+00,3.951768937543199689e-01,4.346681221020245403e+02,7.044310847614220883e+00,7.185906176274746038e+00,5.602942999501265398e+00,4.977649861976022327e-01,8.582509128507951335e-01,1.313972127279396940e-01
3.435179999409741836e+00,2.299622537929513488e-01,6.481244288521847920e+02,5.915808513472263996e+00,9.573599326001165366e+00,8.209834164769503673e+00,1.218405518541655214e-01,7.016911569550040584e-01,5.589460626977049706e-02
2.783716143934925391e+00,6.567173544136238883e-01,4.563847486076809332e+02,2.410419729301831904e+00,1.057794562323629783e+00,4.160773446089098826e+00,1.507501590972318839e-01,6.720648462230094378e-01,1.690483189246948514e-01
2.676982584311702773e+00,7.281565356739040373e-01,6.234197945850185079e+02,3.682364095138158433e+00,6.762159084241202045e+00,4.105160425030890181e+00,1.312984780004015917e-01,3.561235851295736499e-01,7.013602292324627729e-02
2.791699986488585861e+00,7.485561218398389949e-01,6.271848606798434957e+02,3.793012238926254387e+00,5.663412035812353196e+00,9.772638939374189704e+00,1.350577908827388929e-01,3.037897008890402817e-01,5.008122834835648796e-02
3.782831943222213500e+00,4.810172574417499458e-01,4.818477234928573125e+02,1.733250463559619758e+00,7.073393285887592086e+00,4.404336349760193059e+00,3.997288416165895031e-01,5.834610990799671965e-02,1.914816954603028032e-01
1.517796375230486383e+00,2.984974119564641759e-01,2.341833638519954945e+02,2.183341259035866955e+00,6.035510980832635042e+00,7.690853100354165583e+00,1.931874141325298222e-01,2.089291557641113906e-01,1.025259881308138166e-02
3.334010621297262666e+00,3.532008996924561606e-01,7.363046223655421727e+02,6.739314708461331627e+00,9.109074020915471692e+00,6.514287737042446125e+00,1.766456666154579969e-01,5.475922076596491106e-01,1.005245362997738701e-01
4.386639626930181279e+00,3.643432529917772777e-01,2.878295308107910841e+02,7.566739786241734045e+00,8.150953359000002507e+00,8.010530341766731510e+00,4.745856868380136095e-01,7.530281258747980599e-01,9.335210682572225860e-02
1.707116876676463058e+00,2.678229724836874714e-01,2.839040512664764719e+02,6.247372489994917899e+00,8.003163481188895645e+00,9.621509892299970446e+00,4.621037479430305517e-01,4.491973070445618443e-01,1.596949533243163799e-02
3.635217567145979878e+00,7.591012070782646726e-01,5.768501803559458949e+02,7.065139596930755772e+00,9.830553975223009999e+00,1.225476263373303398e+00,3.789395575247503922e-01,4.385038001594934176e-01,3.003430066271373100e-02
4.148538090176189463e+00,5.076886688710710027e-01,1.232685728267775858e+02,5.279809084431164479e+00,6.136336150154883207e+00,1.094019434315230743e+00,2.770295495641242889e-01,2.120825358236352876e-02,6.710364851842320899e-02
2.508977362031966418e+00,2.655830902882538869e-01,5.979685151664816658e+02,3.072393759967343985e-01,5.361306442879652856e+00,1.278222480306077768e+00,1.464201506229682870e-01,2.923644806189030776e-01,2.833326482490384768e-01
4.241800801399035592e+00,7.073514165758103545e-01,6.523876421891106929e+02,2.643664658146552604e+00,6.066537155446539487e+00,7.265747033678699118e+00,2.073598205100894154e-01,7.839498969318187127e-02,6.515730505703309916e-02
1.296644268958707880e+00,8.353111472146227401e-01,2.034178854687546050e+02,4.595785237746038199e+00,8.388297483584349123e+00,3.264191009649603181e+00,2.292018642283580321e-01,4.201998028134690810e-01,1.665611487885154673e-02
4.083027787002760256e+00,7.817449069336652734e-01,7.350111834031843046e+02,1.464898339634680635e+00,5.623021983642541244e+00,6.056167584802605752e+00,4.864114337118647935e-01,3.883478573437900705e-01,2.020436789452588755e-01
3.381547808885474460e+00,7.082985614060200996e-01,7.667453128522835186e+02,2.737976540330307795e+00,8.687791940994685547e+00,7.450438410371092779e+00,1.275306563042530594e-01,7.589152471355694596e-01,7.708660323751947985e-03
2.605743104913664343e+00,6.961574028980419548e-01,2.936492764399359885e+02,7.136339434993052677e+00,3.532285586271185274e+00,7.105780526812095488e+00,1.733124132750814561e-01,1.788456115520217771e-02,3.112743369643300451e-02
4.919284608209922638e+00,3.216127300066689565e-01,2.938182973529424089e+02,1.884803382357862267e+00,2.707687651826888420e+00,3.016116769781000073e+00,4.368781225168868465e-01,5.780491069909224899e-01,6.671162235096439463e-02
4.762302166506843903e+00,3.508993408068294961e-01,5.133641791817284457e+02,5.081692395167614507e+00,9.637801197412949605e+00,8.944052173161327612e-01,3.285741893929675084e-01,9.590749808298293377e-01,2.167359295048113532e-01
4.309324115474120198e+00,5.353684729825438637e-01,6.261825646396823686e+02,4.275239499330629300e+00,4.172458216140118914e+00,6.937939175266402358e+00,2.128910690544313367e-01,2.523753263869616403e-01,5.882693340668632143e-02
1.348471341447995409e+00,6.554119740345698553e-01,6.996627238751078721e+02,2.424993600877902278e+00,5.383494464514106959e+00,5.614066855149883573e+00,3.199034627257539842e-01,3.296630598375738797e-01,1.697048355787590390e-01
1.727350152302387087e+00,5.638791290890365904e-01,4.989252302651272544e+02,4.908692538878528744e+00,7.517251999980458343e+00,4.748880017048862534e+00,3.648235661026730803e-01,6.254344252019404804e-01,1.113307899048007199e-01
1.328365975214924610e+00,5.702666809765730704e-01,5.866936863517307756e+02,1.959813158903564112e+00,6.905616468604969249e+00,9.929185448016568216e+00,2.229689771167645551e-01,8.904085505517128629e-01,8.309898432177387217e-02
8.627834231740963977e-01,6.690578670128165539e-01,1.178726856191840255e+02,1.695322151554909507e+00,9.801910261120287515e+00,2.313123838871812055e+00,2.754350897296170553e-01,2.814555506767403292e-01,7.493259940774876782e-03
4.046795205188473687e+00,2.565889513548509360e-01,5.374584137500422685e+02,4.253247441253368843e-01,9.397531536734767599e+00,5.342459106823246096e+00,4.498833810313958015e-01,3.462284055750430856e-02,1.519356952297478136e-01
1.758324762084819692e+00,5.770557033187565521e-01,4.697763993347644487e+02,2.002929855568488016e+00,5.593852896141501496e+00,6.101166665329943450e-02,1.986549050212270962e-01,2.817321059965861157e-02,2.095961875741130243e-01
1.267116044547663689e+00,6.475427849741981490e-01,5.719220640919265861e+02,5.759983845549586867e+00,4.352395453278713688e+00,5.461801405750787097e+00,3.689410328357016766e-01,5.663000409059443241e-01,1.112773393762485075e-01
4.163733765613725879e+00,7.213739966298949868e-01,2.901466416624862177e+02,2.156100915993411249e+00,9.025627543134227437e+00,8.278170432935992862e-01,1.932859777253274902e-01,6.925521867821446964e-01,1.659344981659616192e-01
2.186486293963062266e+00,6.237369093736219172e-01,1.504898821856600932e+02,3.956630425123425887e+00,8.901090602100097726e+00,5.123572593314544399e+00,2.429039605035799299e-01,6.966763246579438240e-01,4.948493955872412808e-02
1.772861555222856378e+00,5.681623521792269482e-01,1.038455521077355712e+02,3.800776230738359018e+00,5.529522522598454337e+00,6.833829169332661380e+00,3.141148986290851486e-01,8.317378458424912191e-01,8.005799964879589670e-02
1.293357037792043585e+00,4.036845335863796791e-01,5.611872646004715079e+02,4.991004676419672492e+00,8.297566112005160477e+00,8.567846473707030341e+00,2.892874752253171700e-01,9.905851128507793257e-01,1.003851969899522967e-01
4.719368380548427666e+00,7.408010281796184593e-01,4.496388041423762161e+02,2.339561655009064989e+00,7.094044112790415468e+00,8.530585338731270895e+00,2.675976793831396638e-01,4.361460457309814798e-01,3.381131838906303866e-02
2.718992183490446912e+00,3.057000037004401483e-01,3.133519065445881324e+02,4.093326947436225494e-01,8.083732361738366734e+00,3.083564363359752480e+00,1.492680155981480628e-01,8.379356584965402810e-01,1.733420963639281664e-01
5.987906429784700668e-01,4.895944354028262113e-01,1.910160836841590140e+02,4.372771973560345415e+00,6.353404593132905731e+00,6.357407806439305809e+00,4.425914187576919234e-01,2.237826655954477384e-01,8.444531053397918985e-02
4.849582548243841273e+00,8.136520127455161289e-01,2.753841434755096316e+02,6.470010368819495206e+00,7.666541940962603441e+00,4.044782385605773634e+00,4.777904036018795209e-01,7.156182708180111041e-01,8.496154096424723967e-02
1.501270301234595816e+00,4.208331729817601508e-01,4.603589339965164982e+02,3.988291436037973092e+00,5.030746074251648992e+00,7.260254153089955587e+00,2.366166097431561255e-01,2.167103688103998171e-02,1.000348351438573591e-02
3.702608835823651301e+00,7.254691382996819593e-01,4.542423836194226965e+02,1.760262530549315363e+00,8.902776494370121085e+00,6.086666468722026657e+00,4.113182093410369111e-01,3.081698805405434505e-01,2.886350805397874808e-02
4.241644309018419712e+00,3.940800517508132872e-01,6.842057752640952231e+02,3.392884810260236250e+00,5.933548963783547237e+00,2.824455340753104338e+00,2.926903384023048504e-01,2.786935207278792292e-01,1.069186062022611239e-01
3.638065630139331041e+00,8.041245994921364382e-01,4.011379277927161411e+02,4.872515871774080409e+00,1.307262643625951348e+00,2.362051635815190231e-01,3.448605174790974059e-01,1.380912811772019300e-01,2.313356673573698785e-01
2.298786434623043551e+00,6.450107998727691028e-01,7.538475660757908372e+02,3.311402306526703754e+00,2.963616947684756919e+00,4.262551142118415903e+00,1.811194726623771012e-01,4.507711513173828233e-01,1.461755405131641705e-01
4.060609699310483656e+00,4.908289634532916335e-01,5.317088394046145368e+02,4.221125800290744579e+00,8.827696353938257801e+00,4.256760115623722029e+00,1.653682734046283687e-01,3.149048328571183997e-01,8.983128885511759698e-02
2.920247372586841639e+00,7.866446728319255177e-01,7.208076037474702389e+02,1.575313022209482883e+00,1.839807075701355377e+00,3.435337159145575470e+00,4.603249759228540405e-01,2.515573173538602769e-01,3.657329916365680278e-01
2.540911972095339699e+00,6.138450799269717928e-01,3.641085980763773478e+02,3.642690249367001254e+00,2.554865448878991252e+00,2.075272697842338143e+00,1.769053551034641125e-01,9.262923416384176711e-01,1.697164124682085662e-01
7.036743124803993554e-01,7.122881970557952691e-01,1.154178005037058625e+02,7.513656109012235795e+00,5.394012628850594737e+00,9.019088215765060923e+00,3.695360887227919777e-01,3.975463460006599670e-01,1.558213220079651684e-02
2.366064166623248255e+00,4.306350332133108694e-01,5.905844618751912094e+02,6.730785445525053312e+00,4.506932993063109016e+00,1.100149705227796204e+00,4.250775599514218239e-01,6.404628100189305728e-01,6.649499360047161911e-02
7.550661105166476261e-01,6.697970786129306964e-01,3.242437853199311348e+02,5.152102045506691042e+00,4.178733927327723308e+00,3.817472861992641242e+00,3.813224194348492357e-01,6.446284073698254069e-01,1.800119168766239897e-01
7.891365911849177461e-01,1.630739409853486643e-01,7.447733239557238676e+02,6.411281608203655002e-01,8.524119750380434013e+00,6.845741769191642234e+00,2.468919146598015646e-01,7.477719305502339431e-01,1.998165132643101582e-01
3.411889471557341125e+00,6.179147770218681446e-01,5.342940640553214280e+02,2.516541120336831305e+00,3.644716172960737577e+00,7.917337893319449371e+00,3.331056732757770034e-01,1.093440414201847372e-01,1.567725697891083625e-01
1.738808900764050369e+00,8.248082151541639151e-01,4.586309346818205199e+02,2.988768231484600246e+00,3.251144005428302286e+00,3.243558965485618728e+00,2.218442002560999937e-01,4.857200852627577836e-01,2.652380351518468515e-01
4.713572745161782152e+00,4.057094955537474679e-01,4.769982097700261079e+02,2.694157520700021902e+00,7.147776934820401884e+00,9.667985999834149524e+00,1.299729165496224526e-01,5.394609154460667799e-01,8.091070511254205844e-02
4.576131719327618086e+00,6.261141117857741412e-01,6.121266418923869423e+02,6.899464570652775741e+00,5.967924410770777399e+00,7.920103573831710264e+00,4.773841323348053667e-01,8.291284443147314276e-01,8.987887324367682673e-02
7.750856440999527308e-01,5.965515475569351800e-01,4.211283616464034480e+02,5.395333635811926598e+00,7.224825795710873244e+00,1.958287424384823394e+00,1.165168733992764799e-01,6.612340302106964884e-01,1.601522401030377463e-01
4.022349861647644964e+00,7.586662498306656621e-01,3.728074219317383609e+02,7.557346374514184006e+00,7.636921325039707220e+00,5.438298024815994003e-01,3.019234271082494314e-01,1.247226359021949421e-01,1.882863508283194598e-02
1.421083218718280028e+00,2.272674909864133008e-01,4.065967273067024053e+02,5.360436751056925075e+00,7.825279125738751063e+00,6.205765186226265939e+00,4.306344567378008747e-01,4.993682701118372091e-01,8.322073565968923781e-03
4.914556190799399538e+00,3.678724613969648338e-01,4.463599861545880003e+02,4.805911469029880756e+00,6.005415582980705658e+00,3.324358447886809564e+00,3.194746646871636786e-01,3.257028920184941723e-01,8.381923267108548625e-02
3.969705470193401364e+00,8.152566286753489821e-01,7.537826321334138129e+02,7.953407172685732718e+00,7.683156523694472106e+00,3.172739339697166372e+00,3.693566582349600003e-01,6.731031657340480479e-01,4.975593551004142689e-02
4.718875919852555612e+00,7.759861267144866348e-01,6.793340549738766185e+02,5.118175736609662074e+00,3.697265717807464380e+00,8.061334697286675066e+00,1.675634611249451345e-01,9.552996420885841999e-01,9.411392499392345901e-02
4.804471026784796983e+00,6.594662550502534692e-01,1.199103173327343370e+02,3.642418238243069428e+00,1.730276874343807503e+00,3.671570855694620050e+00,4.570467061053535840e-01,6.012034807318276108e-01,1.407933498553748386e-01
2.197117598421562512e+00,8.428460775690540530e-01,4.164325916966004115e+02,2.835315668320744553e+00,6.499268366407623176e+00,2.072062438405237739e+00,4.005179438792906277e-01,8.599295108326701076e-01,1.830567778760674447e-01
1.157976554847166994e+00,4.586985258729556758e-01,1.610380086857065862e+02,6.497783288580191829e+00,6.464435893794378885e+00,9.769029011694867037e+00,1.948167367242530923e-01,4.128880826541653226e-01,3.978169787243202027e-02
4.214847283029520275e-01,7.704987149212793041e-01,2.104786870399984764e+02,5.723255984840271537e+00,6.726094561922605131e+00,4.875345963981904340e+00,2.389067028784738200e-01,7.952363586701721720e-01,9.594419792926400792e-02
3.409074625096997657e+00,2.531515237518535688e-01,7.228887360184752424e+02,5.681546210371442918e+00,7.787184888599637311e+00,5.103513678455378066e-01,1.831041865776573963e-01,8.505908665229585663e-01,9.542999315479094857e-02
3.818601908926468891e+00,5.350350181905660918e-01,3.943895916821725223e+02,4.108636656778821283e+00,9.226176803064131349e+00,9.390391930849572688e+00,1.102291550919036328e-01,4.688602681882816925e-01,1.942404624690274861e-02
4.508229877095463856e+00,5.512805770455756482e-01,1.434242323608611400e+02,1.229608513113038981e+00,8.540098782138461075e+00,3.928725866578969050e+00,2.805021588834507029e-01,6.316470769628862447e-02,1.194465395047380474e-01
1.545495906444475764e+00,6.332869236804339330e-01,1.915055316684722015e+02,5.920046427193121019e+00,2.641078829392496274e+00,2.396932270932553344e+00,1.127732326755129244e-01,6.255234838540232323e-01,9.862022390402924721e-02
1.262460715669480926e+00,2.735566594699242460e-01,5.080608252963660334e+02,5.310316965768437925e+00,8.095719844928646936e+00,7.389593604039380814e+00,3.148720710180082372e-01,4.863251561826869018e-01,6.126804342718439322e-02
9.934147644126454235e-01,4.805653550262322105e-01,4.578516991413792425e+02,4.574117443003512307e+00,6.689963577899685987e+00,7.533445855010621806e+00,1.859538796958044304e-01,6.911034414503789414e-01,1.050312688195618183e-01
4.436707256402743660e+00,7.146217276215777181e-01,5.097807907505137450e+02,2.938221764033797090e+00,6.019835253884827431e+00,1.173302633164793329e+00,2.350840813510446936e-01,4.940830537723913118e-01,1.968235919771337272e-01
1.118729522071465254e+00,3.703962150058319747e-01,6.697446212369250134e+02,2.807480230335075433e+00,7.365890702072130480e+00,7.409215844806953832e+00,4.466849234913639055e-01,2.265509857228702462e-01,9.878637528842781901e-02
4.783720928504827441e+00,4.688000653862561817e-01,7.266692220088303884e+02,6.665770048822608373e+00,8.955230272683445847e+00,3.703607157284129592e+00,3.804513718063423644e-01,8.139055734217566229e-01,1.284720123024712946e-01
3.405488222860797887e+00,6.353587287359691027e-01,1.892861314246981976e+02,2.338447550564764388e+00,3.544324000551255960e+00,2.567797939738478252e+00,2.685333345641034986e-01,6.743319030570936734e-01,2.985439264772112855e-01
8.565165046073793809e-01,7.550860162197349235e-01,1.928421670744406811e+02,7.420842247151671067e+00,6.556563596082584766e+00,5.273375739833837450e+00,2.941961781715467517e-01,2.831201741345759082e-01,3.885436819334053826e-02
3.988836340089093824e+00,3.262169291378594904e-01,3.869707701536904096e+02,2.669488063514624532e+00,5.716262770969481544e+00,2.570710712588914593e+00,3.647686761459073557e-01,9.543475957597584436e-02,7.970632490459628183e-02
2.833497738629690677e+00,7.801593613673404315e-01,6.218864280033867544e+02,5.816873402528965897e+00,2.199073973031983043e-01,5.690043163676523630e-01,1.465797608014166031e-01,3.810658806273126836e-02,3.891999441538274151e-02
2.244905074494286445e+00,3.625479745018658218e-01,3.648611553900675517e+02,5.526095394070587474e+00,8.877755270385549125e+00,5.127920190780136167e+00,2.142596493006854730e-01,4.888658236121515843e-01,1.288631851240541470e-01
3.643421713862810662e+00,5.797317830307310293e-01,2.022183762163189158e+02,5.333736507604712074e+00,7.201037863472673273e+00,4.511838206131601581e+00,4.636361045130320546e-01,8.966719959195179612e-01,1.707713087209087321e-01
1.174846468256877330e+00,7.263927208246032663e-01,1.215356046831756913e+02,5.813907598919571207e+00,6.979597131435905766e+00,4.780480372245047072e+00,1.627182916134660984e-01,3.498211268468479629e-01,3.489725487932038295e-02
2.031073940212987594e+00,7.827815801269800700e-01,2.204776130499581086e+02,6.485934725166217163e+00,3.345524631573264518e+00,9.784239457777237803e+00,3.105501561915208208e-01,4.517534865874520134e-01,7.074688439799825534e-02
