2.190875286534359478e+00,4.590469320825765198e-01,5.324570486115725316e+02,4.232129472109343871e-01,2.282142781151465183e+00,2.429461865325662218e-01,3.933182262207875812e+00,7.067011171686313764e-01,9.144135396942199634e+01,3.327586878021904226e+00,1.793288972803336545e+00,2.798284173346028969e-01,1.123189258617026454e+00,3.343271583057039198e-01,2.675497598846017056e+01,2.983332872439760752e+00,4.303892938781054056e+00,1.510574483986654726e-01,6.293536750953877545e-01,6.136490395328475955e+00,1.521465733532287867e-01
1.787502178421536803e+00,6.562798946284823520e-01,1.414568307257993354e+02,9.618129500353405081e-01,3.338113625218420033e+00,1.014918784368442489e-01,7.712922872307093058e+00,6.955703923442602132e-01,3.108188517272768081e+01,5.250026519361492561e+00,4.996937046160739859e-01,6.673070579412807568e-01,9.724491936185012397e-01,7.679020587955800448e-01,2.702001483604036736e+01,3.903608432576214593e+00,1.258012229749253086e+00,3.182464743962998277e-02,6.659452945417104752e-01,5.337269618846285368e+00,2.164734271233408336e-01
1.857289897536277046e+00,8.632632691723576279e-01,1.674523048212239473e+02,9.727242299995966235e+00,2.952032960388559335e+00,4.917477587039281728e-01,3.225621874439891457e+00,3.400307561746794272e-01,6.884116905812859954e+01,8.254002826982770102e+00,3.613293166023595848e+00,2.267104680629147273e-01,8.819841976614054557e-01,7.220045052165680044e-01,3.220086411340155763e+01,6.187976070797271966e+00,3.286417513013742298e+00,3.247285025576216455e-01,4.237927427720932227e-01,3.712984976507476276e+00,8.644743143951127973e-02
2.894772048129373054e+00,1.112383184436606248e-01,1.917761108177639642e+02,2.506860936328361711e-01,2.568766464909303937e-01,1.040691453743951139e-01,3.427256128510081101e+00,6.814930001248901137e-01,5.440540557358191620e+01,5.106909066383127360e-01,5.626554742046305790e-01,1.021255005287301093e-01,1.183468091046924409e+00,8.625133788424002024e-01,3.478876412550749819e+01,5.535574571284717749e+00,1.496254123251391066e+00,2.048600714775665466e-01,8.784542322930295466e-01,8.149458589724034141e+00,5.777656737103253892e-02
3.532197552407416286e+00,6.969616353608377723e-01,2.545319876610306054e+01,6.366073352183028167e-01,8.034859727039773691e-01,1.898613736288262410e-01,3.657938560087174551e+00,4.265906058029069747e-01,6.746682745616884347e+01,8.017420699437385778e+00,1.933921583078955120e+00,8.472327408167927842e-01,1.136701482853014422e+00,6.511530983415666496e-01,3.995056790205327957e+01,2.662262382344898981e+00,2.751520374599898400e-01,3.622564329483716761e-01,1.823611993958500765e-01,6.337167270978547595e-01,1.469313368580495993e-01
2.783984054527875784e+00,9.268351309759632617e-01,4.627831618845956996e+01,4.868012689582225661e-01,3.079183392375048456e+00,4.160880484531010448e-01,5.473223741226780348e+00,7.887653022511718071e-01,9.857614687652251462e+01,6.319169974328521455e+00,3.161371733137811280e+00,2.126732946592681250e-01,9.600116697089686735e-01,5.654367275233118662e-01,3.244880592640397765e+01,3.905185479242080149e+00,3.008544915484967941e+00,6.457620640773210387e-03,5.144847527672622434e-01,9.646341960327157850e+00,7.067543085154459614e-02
3.644955983552985446e-01,9.452099978934233038e-01,1.294469601026513601e+02,3.156891275687787601e+00,3.197840309139667880e+00,4.278293773398151312e-01,4.908007814328790630e+00,1.731441127866402974e-01,9.452308736546794421e+01,6.448101443686661050e+00,2.968511478122265679e+00,4.594530146400319648e-01,1.723504419575387359e-01,1.068744021991263754e-01,1.889922185200054372e+01,4.032299035748234672e+00,3.675412729526680966e+00,3.475494972005729877e-01,4.431998199323108345e-01,3.739041735345465689e+00,4.799325313437596829e-02
1.865279598020357366e+00,5.581749476126820486e-01,3.983232583739048209e+02,1.098640211308145265e+00,2.916770429583233959e+00,2.888851416493312674e-01,1.621703324469354612e+00,3.994090884669209141e-01,2.224201537165116349e+01,3.493496407821545358e+00,3.932090454707167559e+00,6.636803668589727478e-02,1.351494710363874696e-01,6.826408926543536815e-01,3.122493348396583102e+01,3.459069916203493023e+00,3.262952568349114291e+00,2.458296176161774149e-01,4.669319379910822909e-01,3.360688787494074514e+00,2.115099481963174100e-01
6.114249001358010860e-01,9.968683742476284193e-01,3.585498206898053013e+02,6.427240108846028477e-01,2.135024289130280195e+00,2.317022427485635194e-01,6.681223894108013539e+00,3.757065804838176648e-01,4.065259710942476090e+01,7.315195814280757602e+00,3.218062260147586340e+00,6.021001919737863917e-01,5.816841605014257954e-01,2.241664992987022764e-01,2.588471165702182830e+01,2.821227338977990495e+00,2.758564430103919385e+00,1.848034245964821631e-01,8.746523851264529359e-01,3.816173551641838912e+00,1.344841551919424560e-01
2.881084270440347872e+00,9.902372237513391573e-01,5.280098432318507093e+02,1.794891516016424937e+00,2.540806292818667877e+00,2.347452743703441758e-01,7.808986024721015440e+00,7.417141337833406123e-01,7.902037985908478390e+01,7.113371472390753958e+00,2.196641631852254584e+00,4.779880715102374222e-01,9.847485544750689268e-01,8.117982054901416999e-01,1.381217490774443135e+01,1.313266707892162266e+00,1.264559623254698950e+00,9.517632468421838299e-02,4.389800084378990275e-01,7.271593325580850475e+00,1.087768038161067707e-01
4.635545368550610057e+00,7.964001462675346366e-01,5.935952716742582425e+02,5.141128354260330546e+00,3.310764907914082400e+00,3.523930721034106983e-01,4.748126884883433263e+00,4.537219252787410007e-01,2.705254458093049053e+01,6.856240913090417832e-01,1.598792683258531966e+00,5.049816387916553628e-01,1.013490355145650001e+00,9.584846097568369139e-01,3.706227864666243477e+01,6.608446914889041679e+00,3.379967912893622639e+00,2.119357257388012894e-01,7.744360135376429088e-01,9.562358977469267884e+00,2.684920854639871735e-02
1.048753955095387935e+00,7.877904182372271746e-01,3.591865353981953035e+02,4.715504051245395511e-01,5.958661146628964067e-01,4.270445776391608161e-01,3.613040059460227660e+00,9.888640855747800051e-01,8.870962660548865131e+01,6.769624598115685288e+00,3.861585263537842039e+00,1.463198896852194730e-01,1.866596123123557827e-01,5.338311713273066195e-01,1.405118492444080047e+01,1.736698263371050377e+00,4.788181344328227951e+00,3.691584086637499373e-01,6.323808482825644672e-01,3.481941808172669628e+00,1.215700245934761003e-01
4.142192208820767441e+00,9.657393227210518960e-01,4.987244919951958195e+02,3.149973302606573711e+00,1.622110447085336915e+00,3.336606563300301143e-02,7.818249149906282724e+00,4.087064507830493465e-01,9.109274311407594382e+01,8.252477852492722477e+00,7.828557061376990589e-01,3.046748576060392955e-01,7.311204170410292580e-01,4.356014841732769316e-01,3.725178658789768349e+01,1.461303142328423066e+00,2.382333548510892629e-01,2.391723961107348750e-01,9.431823164038688478e-01,1.475728118834561953e-01,8.162270753456701833e-02
7.061660033628890387e-01,4.051913024178345202e-01,1.991977706226236080e+02,1.323794784764338095e+00,1.050910688353394518e+00,1.873071116714619677e-01,1.865847527029775410e+00,5.843382072533128690e-01,6.771430758285364959e+01,4.439263473989602637e+00,1.880887492587415055e+00,4.429380686389902122e-01,1.084874909868537296e+00,6.628485418467611190e-01,2.167531578833256845e+01,6.905822417375842015e-01,4.179031285404255058e+00,1.350966897387059218e-01,4.742952314609124032e-01,4.085737434645078103e-01,9.404093447820460749e-02
4.078928269938865370e+00,9.552214180418113765e-01,3.894524877468003297e+02,7.792526715772018164e+00,2.714961711700505376e+00,3.457993255016187928e-01,6.878555618204881483e+00,5.965264677521988634e-01,9.351115136984985554e+01,5.672101234338634335e+00,9.782254393758307298e-01,1.782882781009140216e-01,5.710327132590513610e-01,7.069022814602942129e-01,3.401808369251674691e+01,8.788438728751462037e-01,2.547355139960535197e+00,2.988046838313453413e-01,3.041198589951606829e-02,1.386508906981517519e+00,4.830783757648682286e-02
4.235730672220323179e+00,8.960918455929444137e-01,4.341705389514217472e+02,4.516936451351326376e+00,3.412205513914905453e+00,3.742022685625868376e-03,4.148860293332984561e+00,2.671875525563200959e-01,8.116347974598406267e+01,7.536852336090356097e+00,1.490422491773216729e-01,7.171247921476325837e-01,2.405534459507047140e-01,8.133429761111086176e-01,1.042189592941068987e+01,1.403222531223915048e+00,2.657846496309542061e+00,1.115815342778682245e-01,1.422047023197942350e-01,8.577526517782614324e-01,1.300729613395150697e-01
9.222553292811195291e-01,4.937778191587660626e-01,5.416521475695217305e+02,9.739368808190734583e+00,3.782910395683187765e+00,2.709564385384772289e-01,6.533522600109050060e+00,3.502471225966160562e-01,5.744200842213892599e+01,3.985428457482106945e-01,5.028116236620729929e-01,3.229222166967578300e-02,1.365690855151589833e+00,6.535576037784608383e-01,1.978089170416843601e+01,2.293954650204660162e+00,3.317404346940094229e+00,1.315520550587946091e-01,9.498891165637327605e-01,2.732277994022454248e-02,1.380271865687396904e-01
1.459314292759718468e+00,5.226966344203827219e-01,3.361902370679189289e+02,4.842690546498589654e+00,2.594812087294544156e+00,2.470051914845764474e-01,6.334595128749185733e+00,3.793076625482070252e-01,8.017932825765757343e+01,8.089181653017211815e+00,2.144771341455196989e+00,4.494444859332590303e-01,2.745109916897567337e-01,8.971869220338485329e-01,2.284228773073628105e+01,4.266307768020438651e-01,1.342406527683642325e+00,1.469039150091066837e-01,7.812272811618941049e-01,8.149018162451008962e+00,1.972265593459365807e-02
9.530013973784918768e-01,9.992037394204665857e-01,3.604007854608079242e+02,3.844303785856444833e+00,3.092867720264066644e+00,1.625222582094294210e-01,2.643669628582256070e+00,5.803889457698997445e-01,8.353333362536828588e+01,4.402724617356352788e+00,8.209300559680363651e-01,3.890535704213724522e-01,1.080727670052691103e+00,5.434402606479381559e-01,2.489415835268177091e+01,4.315201727910804586e+00,9.263246180196998969e-01,2.575006160991365981e-03,9.603564517111634613e-01,8.619616273996484779e+00,2.386392401878723035e-02
3.085548284273211261e-01,5.308709441908485704e-01,7.079779280012679976e+01,1.096030020935289562e+00,3.698638509934089491e+00,2.690005115223286780e-01,5.714093288551476135e+00,5.510121789495819877e-01,9.414727713392694852e+01,2.670259414025776046e+00,2.643799861260569095e+00,8.101131884211337786e-01,5.618991619928710435e-01,7.719094666560456508e-01,1.868903564733027167e+01,2.293471647602721042e+00,2.566678757796691634e+00,2.746080557149268020e-01,3.490977782960919540e-01,1.582018236802078259e-01,1.466022252035702467e-01
4.948965160547762920e+00,5.699652044371242843e-01,4.075650806515313889e+02,8.827703194505782669e-01,3.343121549736829845e+00,1.925435065508805665e-02,4.272158965625134641e+00,8.723999901997967488e-01,8.160475314012583681e+01,7.643027524777005866e+00,7.324984565000381975e-01,4.329882422129737729e-01,7.447987688490343983e-01,9.072041330007816207e-01,2.501921172758378020e+01,6.213544593827268869e+00,6.844871168111019699e-01,6.931487475071421156e-02,5.224211426489650673e-02,6.386137034041479588e+00,6.291419899128125603e-02
1.045589009820013654e-01,3.784540881272179247e-01,5.286838356222320954e+02,9.338837801672651651e+00,3.289706907052195373e+00,4.660480763730087683e-01,5.250581631686909390e+00,5.817471118760962900e-01,2.223445934962438741e+01,3.643577852499181535e+00,4.493344215574778255e-01,8.106859722031153348e-01,5.540831053299742903e-01,9.203060598910242085e-01,3.365335726688286400e+01,5.490954911194954491e+00,4.770731380525188747e+00,3.360423977795579109e-01,2.186724537753675368e-01,1.583643716099942145e+00,4.769740333129135479e-02
8.735988342151722597e-01,9.931307700213281020e-01,1.834100830303259215e+02,1.803354369302586413e+00,3.544433109252444147e+00,3.755363502282780819e-01,1.286553157772838629e+00,9.253308035802437770e-01,3.473768055689494361e+01,2.035237500987888470e+00,1.297985645962269063e-01,6.756195374091280570e-01,7.807729799634777201e-01,3.624157316177257782e-01,2.932196555498239832e+01,4.071804820935241986e-01,1.375395322202549675e+00,2.727218443351979160e-01,2.267245996523488960e-01,7.776663252442792107e+00,1.592411519378016393e-01
2.099824848732577909e+00,8.908251328806999769e-01,3.979323486938315568e+02,8.615895201468701359e+00,1.027780840657669614e+00,1.046319781306844776e-01,4.412648956531762146e+00,7.325729891525942783e-01,8.401098269136741692e+01,4.687774020029928934e+00,1.530068904969095755e-01,4.378940165523799721e-01,6.022822117455050445e-02,9.102510004539866584e-01,3.964013373868257872e+01,3.413696529748441844e+00,2.431152539017136682e+00,2.907285008794698311e-01,9.783832356358965754e-01,7.556164062681443916e+00,6.649327742507815664e-02
1.182436346041864095e+00,8.544832674115071525e-01,2.372529928308925946e+02,5.844746763869039796e+00,2.181541720140744101e+00,1.375860136745706841e-01,1.332522801070939789e+00,4.456308729532746371e-01,9.954505258221978181e+01,3.405411865671748473e+00,2.994861949987676297e+00,1.321888785830904224e-02,3.127157804188817614e-01,9.991759399222015503e-01,1.752671528605677054e+01,1.841150769171127077e+00,3.752009850291166071e+00,1.685624341289085060e-01,5.242437281859271270e-01,8.279178246463535729e+00,7.099876983347852555e-02
7.360990274711439740e-01,8.176876108094562889e-01,1.817191771332574888e+02,4.689924347690523909e+00,3.873221119348145614e+00,2.959487078057645437e-01,6.986378277673434667e+00,7.778106070158538055e-01,9.415855736784682506e+01,9.010413634092735435e+00,1.012105804318597757e+00,3.774186292428410860e-01,4.031693309733318520e-01,8.711288623245919682e-01,3.446389809946737159e+01,3.153404461673806614e-01,4.731718008168286360e+00,2.097447723474341885e-01,5.015069155506154397e-01,8.713106018732586833e+00,1.040035384917661343e-01
2.704275655906081433e+00,8.072162883289586421e-01,3.400752087535307169e+02,1.284421874081912440e+00,1.897759221502351989e+00,3.669893334554734654e-01,1.962444640636494597e+00,6.013684524206605042e-01,2.514825027844649696e+01,6.024506807666005770e-01,4.984534677847899387e-01,7.686540607665832692e-01,4.823043146215885701e-01,1.923534460064152962e-01,2.457454515439298603e+01,2.774317500568586947e+00,5.364612280020791824e-01,2.470260369934781097e-01,1.498490100488725496e-01,5.534144920263317502e+00,1.281409721555392123e-01
3.792157960717042364e+00,9.705006505016584573e-01,3.997944461811639485e+02,2.761891775153398232e+00,2.826944614657538324e+00,9.446251811746592120e-02,4.167639464256815529e+00,4.685050156364152230e-01,4.283880272749815532e+01,9.303873836699924738e+00,3.508055329579260029e+00,1.419692360426775754e-02,7.164705218826814548e-01,4.440283644559490650e-01,3.163494736197109702e+01,1.460913923036625928e+00,4.686813674784611194e+00,1.955298806560123726e-01,3.610781780685651254e-01,2.535669192917780812e+00,1.103409996953738093e-01
3.901101641966023159e+00,8.572827149657294976e-01,3.117515251694128438e+02,3.335052784092571887e+00,3.426933981518588634e+00,3.615066883879365922e-01,7.928446070153023939e+00,7.502596126423943801e-01,4.367466458871850676e+01,7.960165374679492700e+00,8.124390323363650523e-01,9.659203767482925640e-01,1.414963414382074625e+00,3.504226775390019144e-01,1.371948571073679801e+01,2.179510604005231666e+00,6.170341356249725573e-01,4.019893154146019637e-02,5.074729135819134873e-01,1.727478051567959971e+00,1.162119822742405661e-01
4.119613142126707928e+00,8.959035098271793673e-01,4.743200900562094944e+02,1.166176740509129894e+00,2.320550029601458952e+00,5.160019904238499766e-02,1.847905531699281623e+00,5.840190568144838501e-01,9.515088552990398796e+01,4.300055674423238550e+00,2.199336363702366182e+00,1.464803945976456967e-01,1.435532800681105003e+00,7.490714632947687024e-01,3.449664368021743144e+01,7.691824067380717000e-01,1.446544644749134800e+00,6.786253294828915872e-02,2.839082570585206855e-01,2.198331125144766141e+00,1.351741480838716258e-01
4.036897419960644662e+00,6.391695249059660133e-01,4.811597382499805349e+02,2.373600523546294472e+00,2.421548299442850993e+00,4.811751475196248684e-01,6.733002849003597134e+00,1.355228761579398145e-01,6.682120356448916709e+01,1.886770970380277967e+00,3.646245914593139736e-01,5.463829132223545493e-01,1.139028571537199275e+00,7.422679198490336194e-01,2.422273270592070915e+01,2.774104867868572022e+00,1.690983193382941785e+00,3.642562296687150702e-01,5.138392666375306561e-01,2.791511667472665437e+00,1.850500409441602212e-01
1.236052519120026449e+00,6.586671025831636328e-01,1.006087378403783958e+02,1.581753177546768141e+00,1.777574201429916290e+00,7.553162488949392850e-02,2.773422562626080445e+00,1.751612005000295902e-01,4.393268503588181062e+01,6.032899192779203723e+00,2.508818474254495001e+00,8.904775661969452916e-01,1.702750184894566698e-01,6.094162344820910349e-01,3.430984756924398482e+01,6.624853588309926877e+00,1.608701465342612158e+00,3.556126217983347076e-02,4.464295695289319799e-01,1.170057882811394556e+00,1.189597686405895471e-01
2.367930335484072391e+00,5.462937094684643391e-01,2.159458815280227100e+02,5.195251321640498965e+00,2.241724589019617131e+00,1.658325522606197422e-01,6.203227390327809232e+00,8.282602885197739573e-01,6.232159236369971467e+01,9.103181294477863617e+00,2.495890701992692584e+00,2.401110134410246177e-01,8.050419515637328161e-01,9.127554733026644884e-01,2.379364195988901542e+01,4.548436175366727952e+00,3.672010040727415880e+00,2.363754045214584709e-01,9.062863664101795669e-01,3.774954144476141416e+00,3.454006978607748746e-02
4.425540979673416864e+00,6.204672682677385698e-01,4.048775907526557489e+02,1.773913200834964288e+00,9.113411456371881547e-01,4.933958430090799041e-01,1.641713451194573459e+00,5.030760772922088231e-01,4.921065367010770331e+01,2.794053897987193835e+00,1.851789630904223882e+00,3.162023927310401161e-01,1.293293628739016488e-01,7.239729256505926802e-01,1.318865015006532992e+01,1.640968611159316026e+00,1.170399393016188228e+00,1.964948371863915397e-02,3.564474246224053622e-01,2.848809948453364438e+00,9.660262741094038930e-02
3.698243202421099607e+00,9.774102535697428706e-01,2.653673626120923927e+02,2.104805216929364065e+00,2.407078775893834788e+00,4.371908555897498494e-01,2.569130547462660452e+00,1.051770512542998526e-01,7.881115069825982289e+01,6.126730941076518278e+00,9.489500835352244756e-01,3.465019310439501066e-01,1.097784734382097005e+00,4.578766483631018236e-01,2.616231165038509232e+01,5.383878016498957919e+00,2.073155180531325747e+00,3.161547829538624010e-01,3.257665777455633349e-01,2.166414049483639914e+00,3.276185454351954185e-02
2.167717666958933975e+00,9.637259637079390595e-01,5.160422783273328378e+02,8.351491074852830820e+00,1.615010881158278400e+00,3.948364573395322097e-01,3.409511524226569446e+00,9.117016304687166617e-01,8.516228166128719579e+01,7.953237854983170596e-01,7.977519819776873744e-01,5.785003145768328192e-01,1.649850857335744825e-01,8.618704923830535769e-01,1.109432177467379610e+01,1.971911007211648359e+00,1.820952354988835120e+00,3.177761125205256776e-01,5.123628305322738274e-01,5.600756718079302310e+00,1.537267680515070900e-01
3.664950224605000972e+00,8.251613881637156478e-01,1.842691609274775999e+02,4.427125003279939186e+00,3.327929077962362037e+00,4.113215020301155267e-01,5.532254923083858245e+00,2.278124229132943990e-01,7.595311589573414324e+01,8.707148384403767594e+00,2.592341865457368666e+00,2.141906242864919097e-01,9.259127458236017238e-01,8.157551516136685166e-01,1.354712825103194973e+01,1.107146794047807692e+00,9.842742855166042304e-01,6.887059464546521625e-02,4.746716060090908074e-01,3.960956180455345588e-01,1.976514720557203120e-01
2.692898932545310098e-01,9.310069914367349320e-01,4.417133891460621840e+02,5.614217447283252227e+00,3.895985522777853927e+00,4.205303496140809227e-01,6.714827879126374910e+00,9.117555617689024894e-01,4.751391537316799685e+01,5.887292094022664735e+00,9.807079104087251809e-01,3.479332573518008065e-01,6.658648110897146255e-01,2.340663819610121210e-01,3.153883297063326907e+01,1.347784185144089930e+00,1.492588454544574728e-01,2.485703459146607897e-01,2.520404031863390792e-01,1.213008443149510285e+00,7.186145334989291200e-02
3.681341880954096535e+00,4.474639375988603840e-01,4.615977482339613971e+02,1.504328807041084071e+00,3.603900094551173439e+00,1.448819075417794033e-01,1.332199730713908403e+00,1.841105875091678667e-01,1.153600190077787602e+01,1.632999989935312923e+00,3.845179156038216917e+00,6.231761400998538925e-01,8.198704398845505503e-01,4.262764129368195043e-01,1.398697552970375746e+01,2.738437931675337111e-01,1.462214284114893736e+00,1.979003957952567838e-01,5.166025110862515479e-01,3.798795871935693125e+00,8.141758395465203968e-02
4.410551444513051145e+00,8.072851642572024256e-01,3.607520299158570651e+02,3.197648394236129565e+00,1.810234456001503567e+00,3.238227351649834440e-01,7.466296065714718821e+00,4.515206579072980064e-01,2.491377517980824763e+01,5.748384257368446271e-01,2.158160482260892632e+00,1.301589870931255388e-01,8.813014950949065174e-01,6.397409189086820103e-01,1.423912703718335493e+01,9.025324267162768699e-01,3.697522409442404623e+00,1.303987331187312082e-01,9.139412492781391339e-01,7.094383838830804478e+00,7.767302662205066710e-02
2.814224715340336580e+00,7.795044424372471470e-01,2.830576275532540649e+02,5.974054663708315616e+00,1.860965307853486295e-01,1.785961708273693660e-01,6.837450571339262595e+00,3.508066876215989449e-01,8.899589312707618660e+01,8.464543736281294528e+00,8.441756752020825871e-01,9.121436556407718221e-01,1.061340091961568532e+00,7.356509656550571652e-01,2.199927108349280758e+01,4.832724874128361270e-01,1.698934930116610120e+00,2.630902776831465228e-01,1.521046439411284645e-01,9.279547579454267003e-01,1.055375649755331269e-01
9.546332881750219101e-01,8.288738181238763936e-01,2.742986744896051476e+01,1.299094908838048790e+00,3.841978283997927957e+00,3.303875752515785247e-01,7.939826383620072647e+00,5.792586874378331530e-01,4.014726185114751900e+01,4.470806601185364215e+00,8.970135108746507546e-01,9.365650893836667823e-01,1.304179753020330956e+00,6.153404802698605458e-01,3.689442561838075818e+01,2.113399085175288405e+00,3.024645608514925588e+00,1.364258593079205883e-01,3.289252690625321662e-01,3.185738606023664210e-01,1.747529290998243168e-01
1.754597573252504761e+00,4.021435588088714264e-01,3.982144687260235401e+02,9.158812753135672224e-01,2.477698350819786677e-01,1.943036124790600561e-01,6.504431241774105033e+00,5.748356101489598968e-01,3.431741970195454883e+01,5.636755303877213130e+00,1.975245165962363547e+00,3.054713669074667903e-01,4.507780420881412620e-01,9.932892215880528841e-01,3.994210628186867496e+01,1.038897933751618430e+00,4.337267883788907596e+00,2.807490414713059625e-03,7.452748712264468667e-01,6.697002088370558326e+00,2.412954112313236976e-03
1.179046661548147495e-01,8.763361828285006760e-01,3.942825446598660619e+02,2.330450780823574597e+00,3.818044723584441691e+00,4.150964810894959278e-01,5.540520671449757018e+00,6.466077041309468143e-01,5.292726454013950388e+01,8.213181162803749658e+00,8.574785123069098569e-01,1.774205914020452468e-01,7.155751872090690968e-01,4.545699762902652985e-01,3.015442002868211091e+01,5.573364572342839551e+00,9.093494840872329288e-01,3.898075709829135760e-01,6.717627166578397091e-01,3.698692750176772126e+00,1.453742997646919610e-01
4.015001156916810920e+00,6.756313094561108290e-01,5.725958857613569535e+02,9.356317256279973904e+00,2.864759585867839853e+00,1.073563012238248904e-01,4.536594422622478362e+00,3.100784449450512126e-01,3.816066540027158993e+01,9.876513607404739048e+00,2.064475669924836776e-01,3.911032357830443451e-01,7.215353964478453397e-02,8.291211642483125033e-01,3.998002641162081261e+01,6.856051957220860693e+00,2.306532186135469509e+00,2.966929889648798335e-01,6.288294824805323868e-01,2.255174026217818817e+00,1.617363792071593309e-01
5.847387073004017832e-01,4.708847085082011885e-01,1.641407142285887062e+02,4.401710721022380035e+00,3.631505903643616584e+00,4.431276091275820339e-01,3.043194883230038617e+00,2.923277895813825578e-01,4.124430074388831713e+01,7.313311228811689269e+00,5.306939432746134860e-02,2.193803699584452940e-02,6.077270962038814339e-01,8.760459211133831969e-01,3.375070926575645558e+01,4.765084337102585721e+00,3.212713255976402671e+00,2.419214796841233084e-01,5.089826358397747663e-01,3.660371603255281325e+00,1.122217521738723134e-01
1.007133442730375306e+00,9.407158396000619982e-01,2.369703586270869664e+02,1.459805350884240571e+00,2.848229319134920612e+00,1.542688842910852343e-01,4.074488244656135905e+00,8.817862471587863959e-01,6.187770672577881470e+01,8.774303748727209751e+00,3.162085329639018116e+00,2.472213661978119315e-01,9.667293154388274523e-01,7.124838561513716639e-01,1.571097393994580571e+01,2.896797720315122060e+00,1.070347332195671353e+00,9.100619937460001363e-02,9.822565073317213180e-01,2.850694015905679723e+00,2.032113618401781840e-01
3.755278076585138791e+00,7.709023871098572567e-01,4.094828203371485529e+02,1.929037725357622746e+00,1.924241639418105221e+00,8.806343595842777705e-02,2.952691912025639631e+00,1.110550116758008132e-01,6.789094093718256318e+01,7.040104743875358118e+00,4.351956339631999904e-01,1.189081996710865119e-01,1.584003338999679100e-01,5.766996418429898297e-01,2.281852451975226259e+01,3.996755801983815193e+00,3.116430766396575791e+00,1.454243515585313118e-01,8.264470757580885119e-01,4.304204287957011488e+00,1.382585752892256936e-01
2.232276440122804129e+00,7.768546454927062195e-01,4.195395715087105373e+02,6.631050349123027488e+00,9.903283326435833311e-01,4.191365813400745877e-01,6.111474327951080809e+00,9.603659659965630979e-01,2.127649313953131127e+01,4.228909198716499063e+00,5.445850452964916544e-01,1.844533256255925235e-01,1.025064466915506900e+00,8.382887797007576580e-01,2.554441929029908920e+01,3.200913766903499269e+00,4.533101168662405089e-01,3.020356415166777220e-01,9.749507744505542250e-01,3.768258813151947439e+00,1.455811144197669549e-01
2.632890307337205194e+00,6.388518462703877132e-01,4.001191958766592052e+02,8.229553340976185183e+00,3.616455722846025012e+00,5.076194865764978303e-02,1.122973651978353526e+00,4.568593230314225151e-01,2.565846298866836506e+01,4.342319675175562388e+00,4.457663381433883409e-01,2.534026397694872507e-02,1.029966743766354886e+00,8.462741551393216932e-01,3.996994046204382300e+01,3.760751622284440376e+00,3.435479889760284955e+00,2.911759172296321529e-02,6.336668941371177421e-01,6.865478182646322480e+00,7.974336963750938700e-03
4.700117216848337387e-01,8.830214795545718864e-01,1.194636951771413038e+02,3.296806095926710922e-01,2.708425790479721762e+00,1.469741125633758083e-01,5.204411373991623790e+00,3.809790067770825184e-01,1.381200833450446908e+01,2.814041293947134204e+00,1.565431615296946077e+00,3.328613627885897847e-02,2.614896916122155801e-02,1.829847180956455377e-01,2.248563395663048681e+01,3.424104232152185734e+00,3.074130231891243348e+00,3.448376395894740543e-01,2.939735691784610139e-01,3.334656575320579464e+00,2.531826477454263147e-01
6.627779408962872765e-01,8.320496813536859548e-01,4.007323724505762925e+02,2.805848392270165803e+00,3.188757513477712191e+00,1.822915194389346516e-01,5.212569822338240400e+00,7.367649309358319520e-01,3.571870433933779054e+01,4.634268383212311049e-01,7.338960348951184542e-01,8.442860485038297114e-01,1.153020759565274389e+00,8.977174068013106245e-01,3.560616112924439847e+01,7.646009982668635629e+00,2.793698918766039263e+00,1.339434812881368508e-01,4.893333644460973741e-01,2.302377150274999007e+00,2.574010983185683887e-01
4.752911132660423199e+00,6.347099192159669778e-01,4.745212972046562072e+02,3.707712545427302775e+00,3.985614529399832406e+00,3.555294477566920408e-01,3.402388165740156900e+00,8.924263653347246361e-01,5.710735821529947742e+01,7.620838163798968168e+00,2.768956732761561401e+00,8.248750848765885879e-02,3.417652470880407356e-01,4.863790131223335589e-01,3.099802532349693962e+01,9.781828560093839275e-01,1.806463912032240382e-01,1.953931184341870242e-01,9.076997664748351902e-01,1.068285901540941163e+00,1.209665105055387491e-01
3.694157055119009492e+00,9.385285985964181288e-01,9.511594360902934397e+01,1.172406629529987532e+00,3.673126169396420337e+00,1.327653175559170839e-02,6.248606103590821803e+00,5.310925885316915007e-01,6.112662859339019406e+01,1.357260644772092739e+00,1.584534115373291252e+00,4.302876594825352785e-01,8.703259532917650976e-01,4.667390763708121337e-01,2.323966456060635011e+01,3.013971255391873605e+00,2.952962501461803058e+00,3.719358250643770569e-01,9.448587761826085507e-02,1.900060682218486896e+00,5.762697382329484697e-02
8.017473895735371947e-01,3.850059293125134285e-01,1.368533090256393905e+02,6.686033320749656284e+00,3.644903422273836568e+00,1.851744876516274729e-01,4.272951734754060205e+00,1.463680884577454600e-01,8.016636046894312528e+01,7.832048312144185509e+00,2.942687144349755535e+00,8.485903265760200709e-01,8.415079625704773303e-01,7.524356165553480746e-01,3.628491697588519571e+01,5.220599587012944021e+00,1.793191009700701333e+00,3.207379254783376821e-01,8.805105610896197810e-01,1.861104934461113691e+00,4.595822198812071768e-02
4.117308807343428967e+00,5.072569133888251702e-01,3.800118082090874054e+02,4.894550728588972222e-01,2.027845766385465431e+00,2.517451864592700206e-01,3.748669051751788661e+00,9.129372910327905322e-01,7.380243389454554404e+01,3.054916222327336506e+00,2.786271698672887709e+00,3.462987757970138469e-01,1.419762373076929762e+00,7.024529047721224106e-01,3.948553093522659196e+01,5.507806329031997628e+00,1.236311953053426560e+00,3.234768927220119661e-01,7.177203173415427351e-01,8.837449344899647841e+00,5.979892113651652519e-02
4.677647143244991312e+00,6.384686886110926274e-01,7.011834790398441442e+01,3.616977327074816451e+00,3.459325056911345175e+00,3.698425383723591975e-01,4.143810248267715934e+00,1.424289536282586366e-01,3.165989863513769720e+01,7.777375966872947188e+00,1.609631182811926964e+00,1.053477314102336110e-01,1.390880612312849207e+00,9.919979713679529798e-01,3.409427521761763558e+01,1.410137582593766981e+00,3.815574024878530590e+00,3.142977900117532308e-01,3.938075789735817067e-01,2.558116488342671024e-01,1.776159009456700355e-01
3.153291268475753473e+00,8.226765983677767347e-01,1.151574899700365933e+02,4.720832330937595245e+00,2.580597551517303412e+00,2.961382708290440369e-01,6.671857960164270906e+00,3.747042068386137181e-01,4.253033374326893323e+01,8.651097731015722658e+00,6.964614900697576605e-01,7.109445559631190348e-02,1.469954447148736909e+00,7.447585542050154661e-01,2.247634767855329585e+01,1.462571575816181246e+00,1.392716839728037614e-01,1.543767673615054903e-01,9.968065107356978150e-01,8.258859003927904396e+00,6.963464613751968457e-02
4.544072754102694844e+00,8.700134757435991073e-01,4.714140323827712109e+02,1.138161919694512525e+00,3.331513551183399535e+00,3.578774912352827298e-01,4.466825324123916197e+00,4.688871749598075844e-01,7.676728196311741215e+01,1.138643338969601349e+00,8.665247027097678911e-01,6.471311157999030117e-01,6.485236393794651111e-01,2.070780135165793123e-01,2.414381619042114124e+01,8.470218577763455325e-01,8.643991594911203391e-01,9.702813424855599722e-02,6.601872308599723849e-02,1.718881227420933522e+00,1.812451158199216428e-01
2.929225756216285337e+00,8.367513492550209264e-01,1.101915658997325096e+02,4.515758744825806303e+00,3.470623396059404175e+00,4.118385865959980352e-01,5.982192675064503362e+00,9.668952501584544557e-01,7.086226670838881603e+01,1.598973717961853058e+00,4.717752383257441395e-01,3.247968525205320867e-01,1.114470524581258754e-01,8.151507672837606799e-01,2.777893783997812349e+01,2.459145438002858786e+00,4.935548440178815888e+00,1.151179161867291190e-01,4.023456926850492721e-01,4.453239103638543028e+00,1.923696884329905155e-01
4.198513949628035036e+00,4.769251135551564325e-01,1.376430414994636919e+02,5.273971081327811783e-01,7.851895363193811539e-01,3.569379157699684724e-01,5.244635422913198397e+00,5.729767868005618547e-01,9.823640326724461147e+01,7.614358155050508614e+00,3.095157123178401193e+00,4.752889414848978089e-01,1.241679835096405116e+00,7.874259927540413484e-01,3.979389090803169893e+01,7.697886479066646359e+00,3.470275651876458589e+00,1.844291839542142597e-01,2.281705535094811776e-01,4.949283231752381162e+00,5.709509806645096663e-02
9.907845012486293790e-01,6.896994853250167923e-01,1.336351120640936188e+02,4.077553019123453915e+00,3.218299001005170190e+00,1.899704279163522136e-01,5.708244973550890222e+00,3.901633364393386483e-01,5.050124705486415166e+01,6.504448883487447652e+00,4.115188628113846531e-02,1.494530958431467826e-01,6.186061291127303852e-01,7.190033011069246749e-01,3.654374074476010037e+01,1.593548346135576166e+00,6.401709509345943072e-01,2.825115241545061995e-01,3.014876923984731727e-01,7.807383990686413533e+00,6.305987591941508708e-02
1.165258700134766956e+00,6.670346099740612766e-01,3.298700099061488231e+02,1.835527008068347454e+00,2.073990087066281518e+00,4.139620261571474447e-01,7.141636982058724215e+00,8.437572152503581835e-01,8.607995017495638024e+01,2.696001288652295713e+00,2.810266176601989851e-01,7.531777932921278618e-01,5.768769033936822499e-01,2.382726520555019656e-01,3.527693868121052390e+01,5.691154397608918281e+00,2.935735368331619188e+00,1.843736870199790337e-02,2.786272558144473055e-01,1.841510488542529300e+00,9.631766940823338619e-02
9.786046539456245696e-01,8.574784839570941397e-01,4.250697131139914404e+02,9.217918663815131808e+00,2.612513556085547251e+00,5.708510606443827767e-02,1.771393983714502074e+00,3.295384693999928727e-01,9.493991560928617446e+01,6.112376351014668252e+00,1.129119803125888000e+00,4.244591365735886357e-01,9.918687239830180358e-02,9.849809104984283969e-01,3.521422729135244367e+01,2.947126249913790907e+00,4.112698212051400404e+00,2.952570410876880769e-01,3.027813060662706834e-01,3.716997928661014861e+00,1.210102265325181392e-01
2.713654852093063674e+00,6.529403885984338407e-01,1.021765145939639865e+02,8.602407930686160498e+00,2.055037781920403539e+00,1.807236667768683525e-01,5.142029901409436832e+00,2.957450360376630560e-01,5.197644693656889103e+01,5.751666603804635791e+00,1.810779222261223564e+00,3.215282140075269302e-02,1.180952095433259075e+00,9.919094609947300967e-01,3.088846153213604850e+01,6.979385847294495626e+00,3.005144952853975759e+00,1.412910545208827251e-01,7.187512711141991195e-01,4.661625301436486346e+00,1.405410705722198728e-02
4.852892258090210076e-01,3.830464771283901282e-01,2.302992440436340758e+02,2.128811123675788508e+00,2.807148178544719652e+00,2.410161660439537057e-01,2.090271669725476400e+00,6.426276833331221461e-01,8.995034317665214019e+01,4.478877690291614755e+00,4.356653175753830709e-01,4.725573685458852591e-01,1.329541622674583534e+00,5.545835397089655672e-01,3.103368671858630989e+01,5.018767579199689521e+00,2.422673751027195621e+00,4.352614618813724356e-02,2.800617649564741685e-01,2.927505994091680996e+00,8.289543530369924973e-03
1.454148371856234467e+00,7.756137390921450381e-01,2.014838998225040427e+02,3.198572908391330127e+00,3.958532004323088493e+00,7.073025869252931586e-02,4.895439266096882847e+00,1.033057699926723944e-01,9.488744772035845187e+01,6.771209051251225741e-01,2.442027838732113931e+00,5.640560469223826479e-01,1.350916343432975453e-01,8.603994991810675064e-01,3.549767442434271913e+01,6.370336759141527416e+00,2.132684517911757727e+00,9.621516019747783366e-02,3.229423551787106161e-01,6.375630438303805825e+00,2.623686170162653486e-02
2.566233607061812361e+00,8.390923892309644083e-01,5.792204908319982906e+02,9.256798991641481678e+00,3.518137099165527637e+00,1.955287954856184673e-01,5.392455699027905780e+00,6.552325083457488653e-01,4.543545842026036752e+01,8.921762601993673769e+00,5.113682689204573917e-01,4.856720000994164121e-01,1.607733588876240072e-01,8.034154499366077395e-01,3.282967073122250667e+01,1.471669647653758295e+00,2.614468575968861508e+00,2.643368191481365592e-01,8.309648883336508973e-01,7.011799412726903213e+00,1.580496384425091883e-01
2.033928555089457912e+00,6.691157318607161564e-01,1.537531192347646538e+02,8.809928012664123287e+00,3.438116330557796196e+00,3.010601487352916883e-01,1.347043213393644523e+00,6.874379087214668171e-01,3.938182893753658220e+01,5.612166738222906126e+00,3.489743898355238461e+00,1.014400330662139187e-02,4.591871245091285747e-01,8.667998090793771482e-01,2.717610902284218710e+01,6.949386408108738422e+00,3.133782231484147918e+00,6.498085940183817577e-02,1.554347613008440765e-01,4.259904278945023659e-01,5.439617154257969656e-02
3.308926218337653324e+00,3.292210136619229122e-01,5.136378836635602738e+02,3.108919367845351278e+00,1.394470037053747502e+00,3.642098849435563834e-01,4.942941721994592363e+00,8.860413363858331559e-01,4.652238138650660204e+01,6.724192702874755234e+00,2.432869254882862320e-01,8.220744154371079082e-01,1.254807753449880048e+00,8.713558486712733586e-01,2.084515757691543314e+01,1.177446619757173796e+00,2.606795121812922833e+00,2.956947207281366841e-01,8.421822765444539893e-01,4.023783312765427667e+00,2.503565121382189673e-02
1.117311927956127438e+00,9.279722636780052270e-01,2.192757588305634897e+02,4.366158478678756616e-01,2.882982434105444636e+00,3.075774179404431319e-01,3.709671084796314577e+00,2.564168822768321254e-01,8.083262220403298670e+01,5.998337327328103541e+00,1.191726688759390473e+00,8.575991154587172538e-01,1.908095329111677285e-01,9.631197424712066857e-01,3.797217979514803687e+01,7.424105983325021363e+00,3.323415408408274985e+00,2.930879399335869356e-02,1.884338965656572606e-01,9.977204434901336683e+00,1.296677592623232123e-01
2.047668508987067759e-01,6.992761274983984032e-01,5.766830798318695770e+02,3.451373741460163069e-01,3.085017833401513254e+00,2.375899476760916784e-01,1.164393219701269633e+00,9.748747703080292704e-01,8.191383296567332195e+01,4.652223215310186788e+00,6.722413319106086416e-01,9.006311258144769627e-02,5.119100064455642807e-01,6.184191610297603559e-01,2.828267870366667580e+01,7.324642646337666818e-01,4.392815116372601913e+00,4.663153782764327057e-03,2.308602384647330807e-01,3.733331072286927288e+00,2.919217285037991605e-01
1.212595078859834308e+00,5.481336267118238625e-01,5.020418913059656347e+02,3.202932720867220251e+00,3.298348677057615141e+00,2.404537057786014509e-01,2.892918460552894366e+00,1.600455270116922790e-01,1.808597199175231651e+01,9.406411078501600187e+00,1.741925210839406768e+00,4.257655350651449178e-01,1.418940690914535452e+00,8.597840493916424354e-01,3.960053641635361288e+01,8.467668173499710349e+00,1.899016194770976718e+00,2.001769765966597836e-01,9.463481465849699070e-01,4.613456012750210000e+00,7.910107254829901180e-02
2.449397349447289596e+00,9.590010816365960311e-01,3.488474182301266069e+02,1.890572244927802625e+00,1.571616736716514806e+00,2.346426260740977487e-01,7.714637365311599382e+00,8.888461282810332653e-01,8.161372009537345207e+01,1.252991238209352653e+00,3.085026665454753125e-01,9.843102768561970972e-01,2.300234026505904028e-01,3.918433956595304135e-01,3.230089233426854634e+01,5.009864219510931527e+00,3.527688126550440284e+00,3.530010529536262154e-01,9.340165560947719658e-01,6.618210686027627965e+00,1.898459164574219926e-01
1.157556255357641506e+00,6.884209904564994043e-01,2.542938713860670532e+02,1.519458026595970512e+00,3.623372957817476703e+00,3.019279356347031040e-01,1.671854085019866876e+00,5.502111774383349196e-01,8.787019212791415157e+01,5.936936553746781975e+00,7.952684667202942759e-01,4.642255727608085025e-01,4.018375786533167626e-01,8.547254755989891484e-01,3.792757535412971492e+01,8.816203747543664093e+00,4.289900276115841571e+00,8.558675923257683116e-02,7.153656487647593876e-01,3.197918700989461183e+00,2.601514359105349117e-01
3.774599927847202441e+00,6.305003997874240040e-01,1.204107705519172242e+02,1.338039873909825372e+00,3.618051440002266084e+00,2.176317391359587072e-01,2.082814327121615072e+00,7.990895196437924897e-01,5.776701283997942937e+01,7.029299495293446221e+00,3.323845395121776125e+00,2.574756877121689436e-01,1.262601475038443333e+00,4.744914567489740831e-01,2.054036529647775922e+01,4.365478004622432628e+00,2.516007733836711502e+00,3.786377354756850222e-01,7.144696045435116050e-01,4.669769646534949636e+00,1.814749441585661316e-02
1.690205429833387507e+00,9.150499232484363699e-01,2.597566392194800073e+02,5.791664846458693283e+00,2.335579367706618115e+00,3.500501554957656802e-01,6.672468933129479751e+00,4.259708033940610150e-01,4.279385765125665131e+01,4.164997325728344024e-01,8.748330868005786687e-02,1.486290355973470256e-01,1.498889660485908104e+00,1.846005663452745527e-01,2.817907986282763133e+01,3.868543617053522565e-01,2.335968066818291611e+00,1.547159738920075300e-01,1.276617530059584726e-01,4.786890947307428590e+00,1.228828331544530306e-01
2.853336179919191640e+00,9.767514385358411211e-01,2.174548151433389194e+02,2.853163084367997815e+00,3.556302364721473541e+00,2.466796050268944829e-01,4.094831075924787456e+00,1.871448378307285498e-01,9.083366941466672984e+01,8.412236261400845905e+00,3.689917060723614806e-01,8.570122657682266443e-01,5.667308326199796964e-01,5.389608361706188511e-01,3.147862966205181579e+01,3.325740599078316762e-01,4.177705467541497075e-01,5.063899482598238633e-02,6.704578782991883479e-01,5.492731097329488499e+00,1.250237793470116987e-01
3.171789815556783854e+00,9.321323532683318813e-01,2.847162404924786756e+02,1.169336305722698421e+00,1.248164737028244264e+00,3.616844025187569978e-01,5.693053353137505823e+00,6.735575157168601779e-01,9.504262097985012758e+01,8.024532366395009220e+00,8.554016255892110676e-02,8.161397553714643260e-01,6.118877801438342701e-01,3.888935696213347004e-01,1.468622319054675884e+01,2.476307392539046859e+00,2.974825265306724642e+00,2.875889334530957187e-01,3.526289902415542521e-01,6.275410184867754815e+00,1.859248205518062580e-01
2.443241484025882482e+00,6.565340289993973899e-01,5.438005778296540029e+02,1.353614994914159597e+00,3.759135470602553930e+00,9.241018401655531900e-02,2.245904047091179745e+00,2.679894461337586353e-01,3.394322147669752354e+01,6.470900221583128165e+00,9.910736343891600741e-01,4.038062044414686413e-01,7.497626954164894608e-02,3.768081351318790517e-01,3.901983980429456267e+01,2.186834847370270118e+00,7.789697491768646787e-01,4.307018762443913518e-02,5.199561010073634471e-01,5.592192346206807940e+00,2.773243538774139427e-02
4.449297486889660647e+00,9.116608624881327172e-01,1.777413963945254807e+02,8.756026504985472414e-01,2.772568746456046007e+00,2.017388131824195407e-01,1.754082632066245262e+00,2.095790911460270745e-01,4.176246715054317349e+01,3.096688403234026499e+00,1.447429834892801914e-01,9.020079622578477396e-01,1.462767035575053276e+00,1.141720529368487336e-01,2.125166078990830343e+01,4.568894343693428617e+00,2.331938015489678939e+00,1.865678807096395331e-01,7.768652151514621185e-01,5.320868232608334303e+00,1.524357881232389911e-01
5.477491330911011813e-01,7.951424787075290768e-01,1.357238864937439473e+02,4.048777618900255559e-01,3.498862422626464408e+00,1.840062898987634976e-01,3.434977425960834996e+00,2.885368749729121385e-01,6.231395033618110801e+01,1.524418793342318779e+00,3.016411000981634949e+00,3.509019728683464012e-01,1.183985236448793277e+00,5.667181020919062062e-01,1.635569036366102580e+01,3.290204271027228788e+00,3.056602165647351654e+00,1.263633046894793166e-01,7.817902743414599787e-01,6.616699801075218268e+00,1.682619331742305491e-01
4.391655047713975968e+00,6.935852629379888334e-01,2.268921316079977828e+02,4.864007302530474419e+00,3.299015949288544469e+00,4.081908738564445915e-01,7.518987405912202604e+00,2.825450406282415949e-01,4.417350554264383788e+01,4.009244309747133528e+00,2.714435325268394816e+00,6.570360841806881236e-02,2.079790875637295977e-01,9.245496422733460173e-01,1.701916195896539108e+01,2.328610333580236169e+00,2.111582136431741308e+00,8.931031365651202758e-02,1.825172077151712147e-01,6.634081298149157924e+00,3.116320342301215351e-02
2.469746583589304212e+00,9.837970235387313300e-01,2.432481313279476183e+02,2.342247604479231082e+00,1.154812233098229779e+00,4.035138256948075375e-01,6.307324202442536887e+00,8.127677953802679989e-01,6.057704581731417903e+01,6.256651399399281388e+00,2.565836454316110959e+00,4.519105289004292092e-01,5.364746778357046830e-01,4.862571130452943979e-01,3.109438880261174276e+01,4.383976458797749221e-01,2.120850610531710423e+00,5.126768740177588268e-02,7.730073997385363826e-01,4.342806678319855784e+00,1.378088312195931975e-01
2.156677575677362402e+00,7.353319545830815374e-01,2.267876985621348069e+02,1.702819375523058953e+00,1.775346062158488447e+00,3.303757811054196525e-01,6.847584947678358347e+00,9.653280841083857755e-01,3.424626170448478035e+01,4.408896027021802944e+00,2.544749643196812183e+00,2.718062693537391938e-01,1.221283455476001867e-01,5.364156499146748303e-01,2.553434933384654926e+01,3.773527766925597771e+00,7.913012784248277809e-01,2.429916933314655580e-01,8.030985965107384494e-01,9.732279226861228594e+00,9.823627022470415859e-03
1.116212158356529871e+00,9.372407568293213975e-01,5.177064753144658198e+02,8.980928102708952920e+00,1.303703653448180289e+00,4.747084646060030777e-01,2.067093303135332683e+00,8.710569224314602677e-01,6.872981085839036552e+01,7.223987854790102858e+00,1.117945827744769138e+00,3.365902784082593913e-01,2.790167607110948245e-01,9.838732200967978958e-01,2.207639086255640137e+01,3.648435853289500930e+00,4.481720478885271142e+00,2.733505919867000311e-01,8.759316641696274219e-01,6.729871845441904865e-01,1.215548895060624135e-01
2.364451842981566188e+00,6.803196861353986158e-01,5.314205737060391357e+02,4.612838638054098439e+00,2.840981380948346846e+00,3.290419111526983187e-01,2.413917814208380364e+00,4.498372654642364132e-01,7.464580351021196236e+01,5.170956191259787005e+00,6.432718695974084522e-01,5.290293771550642205e-02,1.230544920129599484e+00,9.697727869558067093e-01,2.242489589210843093e+01,3.060049475182030854e+00,4.267101123406438212e+00,2.271618937077766465e-01,9.088858076972780031e-01,1.076329434495232329e+00,1.885432070626198442e-01
4.604454818453719289e-01,8.664444890377577257e-01,5.563604310987098955e+01,4.648997209070050651e+00,2.415480447181799217e+00,4.646505812873951702e-01,3.905459694725534447e+00,5.693290659728457159e-01,6.154526120587512850e+01,9.119642724581206394e+00,2.719657203810626367e+00,1.782408835671539168e-02,6.646874200864284488e-01,6.976868155496844803e-01,2.095144812061140271e+01,3.731764174470512785e+00,1.452507706641614327e+00,8.040074113382066068e-02,3.888366531385291647e-01,8.568468684418112602e+00,2.424145759400830880e-02
1.141451545320984362e+00,6.801490740063570462e-01,2.331030296915217832e+02,3.384498312945420917e+00,3.551569102621303653e+00,5.685493841369283763e-02,6.586074959555597630e+00,5.667226241104392770e-01,6.910922892024655084e+01,5.679231518726297168e+00,2.478764830235246908e-01,6.751005411346613361e-01,1.457498870223343346e+00,9.044243710340766906e-01,3.423657265367089053e+01,6.832816907064125367e+00,3.201378820767217803e+00,4.520298094801412231e-02,2.883034666387616074e-01,9.615677989174164608e+00,5.703999718378338635e-02
7.518669010138995246e-01,9.278504320869104260e-01,1.147440101696522134e+02,1.954850787856282635e+00,3.236728598399108758e+00,3.314017081423448197e-01,7.405809370085789212e+00,9.280233029815526669e-01,2.042958805705286096e+01,2.913945771931205631e+00,2.713199363174901624e+00,5.958610636060905630e-02,4.559164851022221021e-01,6.271341340856315671e-01,3.491636043777263865e+01,4.649386703039723123e+00,3.267037198196869774e+00,1.216164607004413395e-01,3.344614275926839908e-01,1.588914089379162675e+00,2.537318665371041115e-01
3.085839078648796807e+00,6.026885412623769200e-01,4.518421675677087705e+02,1.230111954629185433e+00,2.826547022587778901e+00,3.853679673480780443e-01,1.592379571630763824e+00,4.021726112931669483e-01,2.872444926135868926e+01,2.193159409815499117e-01,1.251792136388691912e+00,5.584827915387435837e-01,6.062914878080359615e-02,3.226833283019744369e-01,3.466901964261728608e+01,5.478702285314130727e+00,3.771335748588471759e+00,3.693058745143638077e-01,5.652899845898494702e-01,7.137367534470721253e+00,2.663510733373308792e-02
3.108934488122308437e+00,9.365925126383589649e-01,5.443844173223864118e+02,1.933025867585730362e+00,2.318394791295574020e+00,3.231505089844881606e-01,7.978020697917163062e+00,1.077162121607463663e-01,2.449592765207153633e+01,1.341812655134406507e+00,1.515365157488623327e+00,5.722436961299326441e-01,1.892574610589189965e-01,8.098874554139298132e-01,3.060246846906551355e+01,2.933427827818675837e+00,2.957446851292004908e+00,3.009943510790796806e-01,8.664651300619592711e-02,1.169344397510672540e+00,1.682485045205130980e-01
4.798918861464052554e+00,7.962921638314321982e-01,4.979227844232676716e+02,9.358253354417536141e-01,1.080805994670114734e+00,9.028890813891282674e-02,4.703576315533922525e+00,3.621563609021472008e-01,4.919625579058136111e+01,7.948313750770907404e+00,3.114353063205637540e+00,8.883427092946583059e-02,1.099354399171387220e+00,3.093384385927145930e-01,3.496523341000252572e+01,7.136606259125553020e-01,1.970801123677950129e+00,3.588995368073357173e-01,1.627039251393084807e-01,4.578914054699518843e+00,1.494964438332078149e-01
3.873732277725498996e-01,9.373552650161617317e-01,2.234324701397385127e+02,1.078085577487011948e+00,2.152661908506098065e+00,2.921582425798673333e-01,6.307684435722105576e+00,6.710135402045054320e-01,6.805750276961475720e+01,7.926098005522297818e+00,6.433148161400308318e-01,9.206039882140554242e-01,4.072528203123967905e-01,6.404099997847091386e-01,3.821968967186785449e+01,7.590762651134787653e+00,2.251718519962302434e+00,6.927082106998967703e-02,8.086631060812432548e-01,4.050930932226747272e-01,2.698729574987129842e-01
1.754377889494603160e+00,5.805983222957153966e-01,2.879514358705363861e+02,8.454676860348449452e+00,3.814691507732716591e+00,2.896468052612149666e-02,4.871426209720354450e+00,9.275366907576203523e-01,1.598095189901744817e+01,3.399867142219889504e-01,2.062675789882189026e+00,1.586332628414052759e-01,8.263734520352836732e-01,7.972037332743313609e-01,3.766421314005981458e+01,5.960074693977151838e+00,4.802639946984530894e+00,2.863548934584476680e-01,4.396187690021630678e-01,1.978473275450764790e+00,9.081678470242970924e-02
1.344261129041418312e-01,9.728465285508396398e-01,2.298476395716962770e+02,9.298188858991562888e-01,3.208796183029903215e+00,2.812261329798731446e-01,7.801426251147919544e+00,5.045614246554261939e-01,4.492126548606521652e+01,2.208220150769128587e+00,4.800962663357302707e-01,1.960939061809625350e-01,7.092689926062536454e-01,5.051077376258737983e-01,2.847606708300868306e+01,4.849070938572808687e-01,2.751643742826117123e+00,1.233504389506269172e-01,7.666712890938511826e-01,9.707054357232282271e+00,1.047435410823985835e-01
6.139524683825371421e-01,6.011290257473532739e-01,1.522401753674126326e+02,3.862390424215247808e+00,7.145226211847517384e-01,3.800796985719863130e-01,7.769763887553951420e+00,9.738866417579713497e-01,4.087122033860486425e+01,8.018927951538731946e+00,8.697099879119938315e-01,4.984887530426572733e-01,1.284253261051847339e+00,7.453928275474082099e-01,1.608429939811587417e+01,2.746789816446586041e+00,1.451490187484002936e+00,1.181026717745567722e-01,1.879363911114445285e-01,2.023412994372514984e+00,3.238473935160190997e-02
1.855191663173503036e+00,4.432369061464001003e-01,4.858525346952333166e+02,3.230290014755506922e-01,1.182835564181154542e+00,1.290415556323241952e-01,2.334920543054591846e+00,2.736049780920127295e-01,9.646466028285837524e+01,4.480385552655915760e+00,2.504415225697086633e+00,8.796247913263326446e-01,1.184199086231034481e-01,7.899287593733667068e-01,2.103021921464812038e+01,3.881183305690157681e+00,4.817817039068893692e+00,1.101166425836039159e-01,6.996182206697728612e-01,9.066107808099324927e+00,1.178434001702427514e-01
4.144732761780017150e+00,8.396830460791319117e-01,1.512572854006683087e+02,9.066032409719083418e+00,2.050021681145473451e+00,1.932612594238524162e-01,1.407137787213349700e+00,6.924701903956580473e-01,3.893822675843804859e+01,3.779462250259794320e+00,3.075430461789822267e+00,2.879548460024523582e-01,5.618297647914295007e-02,9.343849101380909961e-01,1.902699005337416338e+01,2.519644350425008783e-01,4.427798988498061306e+00,7.582816826464221227e-02,6.099463862113125856e-01,1.935483511318325078e+00,4.516606227015818043e-02
4.900836167184499992e+00,7.281489040927801026e-01,2.775217352763842200e+02,1.004376621937305591e+00,9.892482558788039393e-01,4.457303394873702307e-01,6.132817538505451083e+00,9.469272109586795994e-01,3.993852500858067600e+01,3.804379368483114532e-01,3.397834995309568784e-01,3.277317337951725362e-02,3.731661488735907306e-02,1.042731920851766858e-01,2.689201986930067179e+01,3.409771999889247507e+00,2.407283265225940383e+00,3.392784050457821055e-01,9.995599385324867026e-01,7.844136472777198499e+00,9.557372379023676423e-02
2.719293584285851217e+00,8.755460285015439492e-01,1.043532137762631464e+02,4.723282336512656165e+00,1.326987778326193190e+00,3.737124258844555791e-01,6.277191669956488695e+00,5.123886050373311907e-01,8.313516626821228783e+01,2.470674138697305011e+00,4.364929952377558098e-01,8.918323961210351536e-01,9.242404450254228243e-02,8.402987940406898559e-01,1.981898473742357680e+01,4.000456582504179792e+00,1.532531804079974691e+00,1.515467226997451733e-01,7.427515578106491656e-01,4.344354495879955702e-01,1.832502062275964683e-01
3.388694452420394132e+00,4.014856399605922777e-01,5.896541492988242226e+02,2.416818949721309118e-01,2.464985022522273361e+00,3.331239395394706704e-01,1.851486925234537173e+00,1.189781849569177125e-01,1.180579756915841116e+01,9.412185616243340380e-01,2.915953284954788227e+00,4.669974965815552048e-01,7.238478234199142713e-01,3.757223654268356805e-01,2.458675984318790952e+01,1.313326141560005267e+00,3.804324757799603773e+00,1.324800472143012886e-01,5.550305283934380274e-01,3.945741830583128440e+00,2.131762101201012394e-01
2.657042921464530583e+00,6.008853281831002535e-01,1.595119523183290937e+02,8.582781177001571393e+00,1.294057832898190874e+00,2.794946384368509618e-01,2.123360007733145594e+00,5.961193679710293791e-01,7.548950372264050657e+01,9.092779631980373978e+00,7.112015887805768488e-02,1.239564515674319439e-01,1.031876046488310994e+00,8.309650542940432150e-01,1.780499457415513831e+01,1.226086487603101016e+00,1.624728820346830749e-01,3.993298570721938168e-01,2.049023281336659341e-01,5.967698049864810450e+00,1.471414487226685441e-02
2.431596399922604679e+00,4.941422015073807517e-01,1.640612177155965412e+02,9.978967176426263297e-01,1.176794717953849378e+00,3.461648584436576304e-01,7.238650995650980136e+00,7.103772747516106101e-01,3.698524075416898427e+01,9.090090370011714160e-01,9.865654036593388687e-01,8.076579893240288799e-01,8.850136007782004599e-01,2.888964990655853438e-01,3.455091881388339914e+01,6.846412261931770438e+00,2.626956592049572992e-02,3.481858202720954920e-01,9.269832444094181501e-01,4.077284693911752633e+00,1.653608628019620497e-02
4.732648471857720196e+00,6.671189537160696625e-01,4.832096344012188638e+02,7.600504631899238639e+00,1.696739110459356326e+00,1.779811649200848389e-01,1.880051481270228919e+00,6.290480639462505685e-01,4.826628843846885530e+01,9.127319549529030240e+00,2.939084023414947344e-01,3.142231464332994051e-01,6.755084075829456136e-01,5.509365449306977691e-01,1.472367853759422829e+01,1.587338714130624107e+00,4.546560380062330431e+00,3.624524287181029036e-01,7.413814410248746878e-01,6.453928931208083419e+00,1.885249386451326448e-02
2.389716528297340492e+00,3.827958756499874049e-01,5.080688358510219587e+02,9.989019920812722830e-01,3.827586454276988626e+00,3.985061598753003587e-01,6.647611178176402902e+00,2.197483935145829459e-01,5.062933374681254151e+01,9.913582090569450500e+00,2.140569248514352929e-01,8.148622517779514907e-02,8.305142491641819280e-01,7.920777054741110490e-01,1.866053535261108465e+01,3.297713119651406899e+00,4.915018155827192814e+00,7.874368077114840547e-02,5.046548661193787089e-01,7.802376420966933956e+00,1.500427054089558121e-01
1.652807671622075203e+00,9.582525186773231951e-01,8.671905253545347136e+01,5.310179152540646541e+00,1.858355608944360027e+00,4.997888423469013519e-01,7.497039839394931349e+00,3.629936140798145638e-01,8.275855644780398279e+01,1.572215537210592151e+00,1.719499178158035768e+00,1.938890018749298005e-01,7.049531057466245088e-01,1.243450902290773319e-01,2.951554898857042630e+01,4.433264521499909350e+00,4.533677261613207499e+00,1.713219686719131551e-01,8.772651597140489477e-01,2.948701194473600129e+00,1.266897337233952037e-02
1.677581460975565042e+00,4.424792830855655001e-01,5.915234085642033506e+02,3.611453582439352328e-01,2.280697289131137673e+00,1.275673461761389071e-01,3.516946549863704252e+00,5.933767301940686689e-01,7.753625865256951499e+01,3.022350721644679883e+00,1.280564082370418522e+00,9.232691519981743866e-01,4.110543624685256137e-01,5.668390623298606990e-01,1.597333857011572533e+01,5.476519290092733971e-01,4.919896633998784630e+00,2.767194982063212946e-02,1.437171677106998009e-02,9.265578190520349366e+00,6.131116268499814392e-02
2.405496437508547469e+00,6.005276936263694854e-01,4.355910423392699613e+02,7.185551767448088434e+00,2.278113370409759142e+00,4.912429019597134849e-01,6.144592753307781763e+00,8.231911036107859569e-01,2.977481121093161676e+01,3.656412512402291259e+00,5.484743405573184738e-01,1.641278404676481950e-01,5.955166029081643275e-01,9.208274993537564068e-01,1.956335287418081492e+01,3.076678836137056283e+00,2.092367810851377907e+00,1.409328156751207539e-01,9.175493701725649931e-01,5.312951008782275331e+00,1.161475155789130076e-01
1.414953370986059111e+00,9.387552715449780649e-01,5.340484898128165696e+02,4.448585527805712481e+00,1.321681122250543128e+00,2.977710937125634394e-01,3.255738876648618607e+00,2.678808049559164295e-01,4.549300098113128143e+01,5.095723420063299258e+00,1.056730618500757224e+00,8.268291563991063686e-01,1.005184721006219695e+00,4.297948633826442766e-01,2.777602775699122617e+01,4.318663027775742513e+00,4.637380895587650542e+00,1.274844763869378561e-01,5.498626728079231141e-01,7.014651874857887881e-01,6.235295989056321986e-02
1.479335521054984559e+00,9.160983710957397719e-01,3.313986923448482571e+02,3.183116537790276368e+00,1.823659186850936420e+00,1.342560843881547561e-01,7.333003497939669657e+00,5.567120850942065546e-01,5.069695491321154179e+01,4.430607567102886613e+00,2.344986059772582454e+00,4.007759087857534763e-01,1.469094315705314235e+00,5.109786970097027758e-01,2.707849229401683644e+01,1.873436711813806888e+00,2.035731744229357876e+00,2.638850755965108652e-01,4.468127515677321471e-01,1.628493027265935922e-01,8.651008255139980285e-02
1.364033157646600936e+00,6.940090585503480014e-01,1.606411507342955929e+02,8.011383152007265807e+00,2.575512174899186935e+00,1.512329491074593801e-01,3.550368094581699996e+00,4.940907605715264550e-01,1.319950475558665204e+01,1.392322030707035196e+00,9.391311392599676067e-01,7.093165169497234190e-02,6.779721910909786153e-01,6.050234524221042021e-01,3.074780362755231167e+01,2.526849472340818803e+00,6.680108865482796698e-01,1.606703597376908099e-01,7.917103103595909408e-01,3.556663323586280789e+00,6.127096748439375684e-02
1.103426488640968151e+00,8.360807332258245461e-01,1.448398771420187074e+02,1.811324735588909496e+00,2.187006725421591469e+00,2.881492829340150941e-01,2.330120907057025903e+00,7.852613112098222325e-01,5.530585619486742388e+01,8.120211050807862208e+00,2.848061837604433100e-01,4.216665187923585023e-01,1.357509966477762564e+00,7.103514144226035221e-01,3.192296553591112840e+01,2.390261727473621256e-01,1.173991863626672183e+00,2.931355007244417221e-01,3.104128623362331640e-01,3.414015838161164051e+00,2.480758912219934720e-01
2.005566880919875672e+00,8.923014286646357984e-01,7.201548663699307440e+01,9.363243225227975142e-01,2.979154821549411913e+00,2.027658474609656813e-01,7.099285058085694544e+00,4.704828460838749171e-01,5.746441970297844648e+01,7.507039746368500133e+00,2.086797795109240017e+00,2.793602515824541443e-01,1.186795845195405263e+00,1.460773599659820343e-01,3.240666270492339152e+01,4.762311452562959957e+00,3.019555548095027131e+00,8.858114376251546851e-02,4.518772020536454548e-01,6.870178485947943336e+00,4.847732109666802458e-02
4.422114658122293207e+00,6.466361321211908653e-01,3.722386541492425067e+02,1.927128999436080292e+00,1.892752902184852593e+00,2.041087497401319339e-01,4.301955582697209124e+00,2.512814105611265725e-01,9.438833429879434789e+01,1.987563462392230029e+00,2.390348909056377202e+00,7.290930257449803609e-01,1.323998957114112418e+00,9.172516737906539763e-01,2.585303894294315796e+01,3.901699693446994299e+00,4.236557953696352463e+00,3.555732213215190285e-01,7.977540470008757101e-01,6.799845570072402090e+00,7.519984804105417364e-02
2.722625985083254041e-01,7.317216561669683816e-01,1.683836854678234545e+02,2.157899517618719898e-01,2.263243961431157025e+00,2.302483980401232311e-01,7.817466606781771077e+00,9.701322875670960189e-01,9.230289780569164293e+01,8.945029416067837857e+00,2.357731082825309077e+00,5.987239209733872247e-01,2.803832837543897283e-02,2.437743718799662840e-01,1.956396523755988426e+01,2.297103006752235110e+00,1.310686839642348334e+00,2.933739581876635416e-01,4.977492053358249513e-01,6.133640102416121564e+00,1.459355514991503844e-01
4.858424802306881674e+00,2.992458293708766259e-01,1.738664771646697034e+02,4.865458995780778673e-01,2.062232870498482473e+00,2.238835097079657221e-01,7.914849328794410610e+00,5.940106521399531880e-01,8.165013365219185459e+01,9.703734624962907063e+00,1.993931072729700604e+00,8.679964374769023605e-01,1.683207066557556586e-01,9.267154879945387336e-01,2.296320461591751894e+01,2.803605429106325708e+00,1.945582829563072602e+00,2.884820572608132738e-01,9.598778409344604912e-01,2.748376565737927990e+00,1.564574446564123145e-01
3.261157703575648270e+00,7.273334946233743770e-01,1.496330639346118687e+02,6.205642618012730871e+00,3.707570547460993904e+00,3.790120135906407395e-01,6.319460553246004864e+00,6.781992958310296693e-01,9.607967401502850180e+01,1.496169988533008421e+00,6.719316849285075222e-01,6.349059180388352264e-01,6.970196067301540066e-02,9.551102608070473066e-01,3.483775230869019879e+01,7.621171671784101598e-01,4.661856494420783648e+00,2.663837337727160692e-01,8.035861295247145875e-02,4.286081658810481976e+00,1.234514906325984152e-01
1.979069679516878066e+00,7.412181771636545680e-01,1.947824919596560846e+02,9.339219518265866604e-01,5.288721985872604225e-01,2.437122780541480516e-01,6.525875235877718339e+00,2.091987451923851549e-01,1.474075650810450711e+01,1.196628931450522959e+00,3.538999866576723718e+00,5.866281048724509839e-01,6.731418703209252064e-01,1.535233203367347699e-01,2.085222570024944844e+01,3.116311870974949327e-01,3.304560653727541375e+00,5.221527224958907171e-02,1.476303591807636428e-01,6.389519633695905476e+00,3.528791366372030502e-02
3.361764774260804334e+00,5.165635989516901283e-01,4.564913312328412758e+02,6.288582057590033081e+00,2.178624845394451448e+00,8.275117928496138198e-02,2.496581835673126193e+00,7.654063976180631723e-01,4.290203325640834464e+01,4.937904908189675091e+00,3.870350046368631336e-01,3.898591302040281814e-01,1.011971069206016649e+00,5.536345015247573498e-01,3.426537040852296911e+01,6.481779709152640123e+00,2.746873146678329825e+00,7.157023416184388198e-02,9.224852727754757620e-01,4.325977784197686304e+00,2.805857313074033854e-03
8.233284071885693667e-01,8.241834953929364493e-01,5.558909762186801800e+02,9.006151679527937048e+00,3.289333441682075421e+00,4.261657235215552397e-01,7.447256807057399897e+00,2.383557872853152571e-01,4.354105191617122017e+01,3.446899221924236034e+00,1.127018200335491827e+00,9.220752284983476654e-01,1.007898061665772449e+00,9.941371297124923512e-01,2.617264612567415938e+01,2.613770069139786933e+00,3.270593527661273647e+00,3.166238735075087019e-01,6.158031327632023100e-01,9.837575902062930311e+00,8.451237697797364667e-02
4.450565807146596775e+00,3.839165347259668737e-01,5.202178097118188589e+02,1.973002568976282900e+00,2.385968890316418012e+00,1.012207130199231225e-01,1.484875395193172354e+00,3.463471805257926084e-01,3.272061126112087948e+01,4.877912734464310063e+00,3.644428970772107590e+00,1.090441618904202659e-01,1.495490978549139371e-01,8.234237925661850310e-01,3.976307812234178130e+01,7.364392310689332533e+00,1.039862976840714825e+00,5.719724418776842706e-02,9.502854309080435158e-01,3.278527450894728190e+00,1.502853403306803060e-03
2.526021746414018221e+00,4.305948105463937026e-01,4.760516269821793571e+02,1.285834804242305118e+00,3.133833328127525242e+00,4.536988710149923998e-01,5.814594879138557104e+00,3.969990667912236537e-01,5.954322549717410595e+01,5.327081615668782355e+00,1.288125474290611638e+00,4.715605472394888281e-02,1.046539686328051166e+00,7.306169737028332944e-01,1.060428115055587917e+01,2.174975534732726867e+00,3.713824910029876136e+00,1.879064046763191942e-01,1.107786403212263904e-01,2.562624609765417283e+00,1.742205750842206191e-01
4.591113048682752940e+00,9.917754644751233251e-01,5.700773238404649419e+02,1.248472040426883867e+00,2.344324123451263731e+00,1.417426941710940580e-01,4.177593465524220839e+00,6.051276293133174278e-01,1.154857760880693363e+01,1.057228256648964582e+00,4.222845852734870009e-01,7.002782953575928948e-01,5.918938948566667690e-01,1.404087847665929645e-01,3.340455763502079378e+01,4.987854500050354911e-01,4.469134928388059258e+00,2.244430038856268794e-01,2.901451169270764519e-01,8.813638388785921762e+00,1.613498424802908282e-01
3.815174548719795222e+00,5.911227244679438941e-01,5.683903626701179519e+02,1.549072771472100207e+00,3.007679135876538457e+00,1.982367131429209894e-01,2.402327791972569848e+00,1.085434699595903552e-01,3.240007170687090365e+01,1.715419589658188748e+00,2.229106567858203380e+00,9.512171652896609375e-01,2.385357954110001177e-01,4.572642616353248535e-01,3.321029947465845567e+01,6.949291754759146400e+00,1.069288966131170637e+00,1.252081218597626833e-01,9.527127666364256786e-01,3.524936699146295815e+00,8.118539461338336594e-02
3.495646998477059508e+00,8.149943739395258957e-01,9.838013755860616527e+01,1.901524706741416049e+00,2.394573110742620248e+00,4.307681266740200909e-01,3.944334766039677476e+00,7.441054314111105183e-01,7.322749790064506215e+01,3.139461756186389785e+00,1.936112481047173872e-01,4.551356678884366236e-01,9.031285354615420369e-01,1.410615553036390912e-01,3.849707248220187950e+01,9.998917758746339146e+00,1.429067108403911268e+00,3.800769134548978023e-01,4.910903198372209011e-01,1.845316861574312517e+00,1.603426592559710206e-01
2.860743752286676322e-01,6.103802515239866722e-01,5.829076183690268635e+02,6.470006691164615908e-01,2.080149108999990837e+00,2.641751693311578629e-03,4.359304872890344740e+00,9.810485441559620989e-01,5.587488609806823092e+01,6.303316585991669108e+00,1.845126350088625300e-01,8.993548602069261211e-01,1.431337238884445584e-01,7.514435240879382416e-01,3.741251938207416572e+01,3.693214793076352365e+00,3.560254125781425305e+00,1.377912358745026211e-01,9.332072037497642913e-01,9.938322637084938904e+00,1.692951100466526526e-01
1.926911093736310754e+00,3.610936332722455289e-01,1.869034585118440077e+02,1.202911926944907783e+00,3.118277098768119870e+00,2.495337984587032154e-01,7.238839491716897001e+00,6.596474124418904017e-01,3.703336340441013874e+01,1.419050942920550451e+00,7.622921949820218868e-02,9.473813487494061603e-01,1.136268247970775747e+00,4.068751228977169898e-01,2.474824883571321621e+01,4.821347679588969259e-01,3.355984105556397701e+00,1.655138205505428950e-01,5.037193622758241451e-01,4.456739155431346688e+00,2.202575206743464520e-01
1.367351522746041770e+00,3.532179703403514059e-01,3.019647886676834219e+02,3.904223656204949933e+00,1.513495618051723390e+00,3.819275456718870809e-02,7.391868056370340057e+00,4.880799842693784862e-01,9.824387361387756812e+01,1.299814101977743386e+00,1.425862500677355371e-01,6.564877004088077728e-01,1.335208454801186662e+00,8.499735476338070583e-01,3.599327379558960871e+01,9.189540382613417435e+00,2.275257735167963258e+00,6.090507836375194661e-02,5.894558851906830377e-01,2.110229149942389082e+00,4.241796192715130420e-02
1.600725321802055845e+00,5.969520055700051619e-01,5.454773147414824734e+02,1.172709581632366937e+00,2.928504826338988565e+00,1.505924230481964499e-01,1.652277422585443745e+00,4.662269205624846036e-01,8.032248036463012397e+01,9.495538717605468193e+00,8.627562799690696727e-01,6.415271620515661244e-01,4.045117916940298430e-01,5.475445817411153104e-01,2.765867128051010937e+01,4.900467772662127963e+00,2.389488477985469705e-01,3.242418452058622447e-01,1.966264694139202296e-01,5.379650136701274142e-03,1.709907184308716577e-01
1.099183465040634911e+00,5.222169093757186298e-01,3.128194063454697584e+02,3.436168192093302487e+00,3.580511245681551991e+00,4.799224125536854513e-01,7.997283341040645865e+00,2.693246075179419607e-01,8.290402712876780811e+01,6.633602367998134852e+00,2.973751089634810718e+00,2.790298256554373246e-01,2.391530595587421093e-01,9.244819806614801294e-01,1.392738676060941216e+01,1.128724955597784518e+00,4.155480316745494562e+00,3.687029551150710072e-01,9.532448207258383821e-01,6.476445537208556757e+00,1.402372473351728432e-01
2.754882795047304267e-01,9.348052953243712881e-01,1.433180227340884301e+02,1.527554677201987010e+00,3.550948445349622062e-01,2.914853040041191501e-01,6.725464106564540856e+00,2.541993519328412665e-01,5.711037917977721179e+01,1.421814639009128634e+00,1.051458879878572894e+00,3.011296833793643546e-01,5.031932425706251433e-01,2.844469015160908110e-01,3.477694528423189979e+01,6.170820259387385320e+00,2.615218262551689765e+00,3.677352656369980433e-01,9.921804447047365416e-01,5.425109826579458172e+00,7.484842795237678370e-02
9.548308778050740298e-01,7.849743239097377590e-01,3.818919606256270072e+02,1.501876796851967288e+00,2.565518977303868908e+00,2.126139799847662215e-01,2.862720987552002327e+00,1.631929406403933025e-01,8.629780907756239117e+01,1.773473542912609391e+00,3.936946728073484891e-01,2.026787288882096749e-02,3.542831117526790141e-01,7.826485057228397269e-01,1.514446996548205071e+01,1.426095917980516603e+00,1.370492669101089911e+00,7.102772949255402313e-02,4.982638490982650992e-01,8.371635936800513988e+00,1.396821674008079661e-01
2.340053668422139854e-01,6.451658725088628143e-01,5.424057622878067377e+02,9.906403900617288816e-01,2.838457681306148839e+00,4.808393596320819641e-01,1.651824316399792991e+00,3.286906776115812168e-01,8.280719077453569810e+01,8.772138436022062891e+00,1.920335045964085552e-01,3.155165956049280629e-01,5.033220428414690861e-01,8.612743421522691678e-01,3.811032487650989253e+01,6.326336249490809749e+00,3.865817700673551016e+00,3.883039162103418263e-01,4.304239030066013272e-01,1.860392568368210986e+00,1.626723524200488491e-01
1.443251389498110715e+00,5.673302472576037259e-01,4.581001303022189859e+02,6.576997055852205065e+00,1.601260707460004484e+00,2.450309496503671469e-01,5.230993664029174539e+00,2.986679675346804452e-01,6.983120142105698847e+01,5.443702816511469145e+00,8.513530051882620686e-01,2.558871499617278444e-01,1.597003147237830711e-01,7.956274322984072667e-01,3.306417057571245266e+01,3.423669902735527182e-01,1.736740014499910112e+00,1.744017254160510344e-01,7.337129913280049376e-01,4.410092251461125379e+00,4.179617676167635132e-02
3.485917056119570923e+00,9.816678514745886819e-01,3.452536584789352219e+02,5.709820548145236874e-01,2.714415241990955963e+00,2.639022390677886465e-01,2.300073059534324837e+00,1.217517514951453328e-01,2.004564102008229298e+01,1.650720530994540081e+00,3.110205078159740566e+00,5.507676487807642296e-01,5.713694794445521863e-01,5.890427085876522861e-01,2.941891659952765536e+01,1.422195960389058378e+00,3.302702221317869391e+00,2.229679609837576515e-01,3.422854959813232401e-01,6.255897415566742392e-01,2.338285222773630601e-01
2.396806495946104398e+00,4.960920523407424954e-01,1.139962558923035090e+02,4.703125072781990212e+00,3.854672562461094909e+00,5.333897106588771780e-02,3.647303611587311423e+00,6.616545518902338108e-01,9.557735962739729985e+01,5.826362446756707669e+00,3.026831438440788169e+00,2.921875376399872271e-01,1.288043009807616768e+00,9.966090766738570084e-01,1.551871014116396452e+01,2.815153529772163932e+00,3.123717055410432319e+00,3.328901520392973379e-01,4.586157612136250727e-01,3.004762660420400300e-01,1.001847924096219700e-01
