131199050
1312000
1315000
1315170
1315226
1315227
1315500
1318500
1327500
1327750
1328770
1329490
1329500
1330000
1330500
1334500
1335754
1335755
1358000
1359133
1359135
1359528
1359750
1360640
1361000
1361200
1362090
1362192
136219503
13621955
1362200
1362230
1362297
136230002
1362322
1362336
1362342
1362357
1362368
1362370
1362380
1362465
1362487
1362497
1362500
1363382
1363556
1364500
1372051
1372500
137449480
1374505
1374531
1374559
1374581
1374598
137462010
1374654
1374701
1374781
1374821
1374890
1374901
1374918
1374930
1374941
1374976
1374987
137499350
1375000
