1.311990500000000000e+08
1.312000000000000000e+06
1.315000000000000000e+06
1.315170000000000000e+06
1.315226000000000000e+06
1.315227000000000000e+06
1.315500000000000000e+06
1.318500000000000000e+06
1.327500000000000000e+06
1.327750000000000000e+06
1.328770000000000000e+06
1.329490000000000000e+06
1.329500000000000000e+06
1.330000000000000000e+06
1.330500000000000000e+06
1.334500000000000000e+06
1.335754000000000000e+06
1.358000000000000000e+06
1.359135000000000000e+06
1.359528000000000000e+06
1.359750000000000000e+06
1.360640000000000000e+06
1.361000000000000000e+06
1.362195030000000000e+08
1.362195500000000000e+07
1.362200000000000000e+06
1.362230000000000000e+06
1.362297000000000000e+06
1.362300020000000000e+08
1.362322000000000000e+06
1.362336000000000000e+06
1.362342000000000000e+06
1.362357000000000000e+06
1.362368000000000000e+06
1.362370000000000000e+06
1.362380000000000000e+06
1.362487000000000000e+06
1.362497000000000000e+06
1.362500000000000000e+06
1.363382000000000000e+06
1.363556000000000000e+06
1.364500000000000000e+06
1.372051000000000000e+06
1.372500000000000000e+06
1.374494800000000000e+08
1.374505000000000000e+06
1.374531000000000000e+06
1.374559000000000000e+06
1.374581000000000000e+06
1.374598000000000000e+06
1.374620100000000000e+08
1.374654000000000000e+06
1.374701000000000000e+06
1.374781000000000000e+06
1.374821000000000000e+06
1.374890000000000000e+06
1.374901000000000000e+06
1.374918000000000000e+06
1.374930000000000000e+06
1.374941000000000000e+06
1.374976000000000000e+06
1.374987000000000000e+06
1.374993500000000000e+08
