    GRACE gravity data extraction    
  Data: CNES/GRGS RL05 10days solutions (regularized by truncated SVD)
  Functional: Equivalent Water Heights
  Area type: Hudson basin
  Grid points and weights used for computation: 3
 	1 (42.5°N, 73.5°W) 0.737277336810
 	2 (41.5°N, 73.5°W) 0.748955720789
 	3 (40.5°N, 74.5°W) 0.760405965600
  Surface area: 27778 km² or 3 deg² (mean latitude 41.500°N)
  Statistics:
 	Number of dates: 607
 	Min: -18.424 cm
 	Max: 20.818 cm
 	Mean: -1.385 cm
 	Standard deviation: 6.689 cm
 	Root mean square: 6.83 cm
  Linear model:
 	Least square adjustment: y=A+B(t-t0)
 	Reference date: 2008/01/01
 	Bias at reference date: -0.059 cm
 	Trend: -0.319 cm/year
 	RMS of residuals (series-model): 6.397 cm
  Periodic model:
 	Least square adjustment: y=A+B(t-t0)
 	+Ccos(ω(t-t0))+Dsin(ω(t-t0))
 	+Ecos(2ω(t-t0))+Fsin(2ω(t-t0))
 	Reference date: 2008/01/01
 	Bias at reference date: -0.074 cm
 	Trend: -0.291 cm/year
 	Annual cos/sin: 5.871 cm, 2.472 cm
 	Annual amplitude: 6.37 cm
 	Annual phase: -22.829° (max on Jan 24)
 	Semiannual cos/sin: -1.087 cm, -0.158 cm
 	Semiannual amplitude: 1.099 cm
 	Semiannual phase: 171.743° (max on Apr 05/Oct 05)
 	RMS of residuals (series-model): 4.452 cm
  Numerical data:
 	Column 1: Time (seconds since 1970/01/01)
 	Column 2: Time (days since 1950/01/01)
 	Column 3: Time (years)
 	Column 4: Equivalent Water Heights (cm)
 	Column 5: Linear model (cm)
 	Column 6: Periodic model (cm)
 	From EWH cm to gigatons: multiply by area/100000 ≅ 0.277781
1028332800   19207.00   2002.58590   -14.096   1.665   -5.436
1029196800   19217.00   2002.61328   -17.264   1.657   -4.849
1030060800   19227.00   2002.64066   -13.045   1.648   -4.049
1030924800   19237.00   2002.66804   -12.537   1.639   -3.092
  1031788800   19247.00   2002.69541   NaN   1.630   -2.039
1032652800   19257.00   2002.72279   -7.909   1.622   -0.948
1033516800   19267.00   2002.75017   -3.170   1.613   0.127
1034380800   19277.00   2002.77755   -0.752   1.604   1.146
1035244800   19287.00   2002.80493   -4.813   1.595   2.080
1036108800   19297.00   2002.83231   0.510   1.587   2.913
1036972800   19307.00   2002.85969   -1.841   1.578   3.643
1037836800   19317.00   2002.88706   1.965   1.569   4.278
1038700800   19327.00   2002.91444   3.681   1.561   4.830
1039564800   19337.00   2002.94182   8.882   1.552   5.315
1040428800   19347.00   2002.96920   4.520   1.543   5.748
1041292800   19357.00   2002.99658   8.652   1.534   6.136
1042156800   19367.00   2003.02396   9.210   1.526   6.479
1043020800   19377.00   2003.05133   7.547   1.517   6.766
1043884800   19387.00   2003.07871   -5.780   1.508   6.977
1044748800   19397.00   2003.10609   10.358   1.500   7.085
1045612800   19407.00   2003.13347   9.795   1.491   7.057
1046476800   19417.00   2003.16085   16.259   1.482   6.863
1047340800   19427.00   2003.18823   11.320   1.473   6.476
1048204800   19437.00   2003.21561   17.043   1.465   5.876
1049068800   19447.00   2003.24298   9.864   1.456   5.060
1049932800   19457.00   2003.27036   11.882   1.447   4.039
1050796800   19467.00   2003.29774   6.882   1.439   2.842
1051660800   19477.00   2003.32512   6.349   1.430   1.514
1052524800   19487.00   2003.35250   -2.482   1.421   0.113
1053388800   19497.00   2003.37988   -1.595   1.412   -1.293
  1054252800   19507.00   2003.40726   NaN   1.404   -2.629
  1055116800   19517.00   2003.43463   NaN   1.395   -3.823
  1055980800   19527.00   2003.46201   NaN   1.386   -4.812
1056844800   19537.00   2003.48939   -3.622   1.377   -5.543
1057708800   19547.00   2003.51677   -9.732   1.369   -5.980
1058572800   19557.00   2003.54415   -5.344   1.360   -6.109
1059436800   19567.00   2003.57153   -5.070   1.351   -5.933
1060300800   19577.00   2003.59890   -1.945   1.343   -5.478
1061164800   19587.00   2003.62628   2.140   1.334   -4.783
1062028800   19597.00   2003.65366   2.177   1.325   -3.901
1062892800   19607.00   2003.68104   6.835   1.316   -2.890
1063756800   19617.00   2003.70842   5.072   1.308   -1.813
1064620800   19627.00   2003.73580   8.025   1.299   -0.723
1065484800   19637.00   2003.76318   3.030   1.290   0.330
1066348800   19647.00   2003.79055   7.192   1.282   1.311
1067212800   19657.00   2003.81793   10.518   1.273   2.198
1068076800   19667.00   2003.84531   8.235   1.264   2.982
1068940800   19677.00   2003.87269   14.700   1.255   3.665
1069804800   19687.00   2003.90007   5.232   1.247   4.258
1070668800   19697.00   2003.92745   14.152   1.238   4.777
1071532800   19707.00   2003.95483   11.546   1.229   5.236
1072396800   19717.00   2003.98220   10.656   1.220   5.647
1073260800   19727.00   2004.00958   20.818   1.212   6.014
1074124800   19737.00   2004.03696   9.278   1.203   6.332
  1074988800   19747.00   2004.06434   NaN   1.194   6.586
1075852800   19757.00   2004.09172   11.085   1.186   6.752
1076716800   19767.00   2004.11910   8.685   1.177   6.800
1077580800   19777.00   2004.14648   5.098   1.168   6.697
1078444800   19787.00   2004.17385   3.214   1.159   6.414
1079308800   19797.00   2004.20123   12.954   1.151   5.927
1080172800   19807.00   2004.22861   1.903   1.142   5.224
1081036800   19817.00   2004.25599   0.078   1.133   4.309
1081900800   19827.00   2004.28337   2.966   1.125   3.200
1082764800   19837.00   2004.31075   0.201   1.116   1.934
1083628800   19847.00   2004.33812   -0.232   1.107   0.562
1084492800   19857.00   2004.36550   -6.898   1.098   -0.850
1085356800   19867.00   2004.39288   -7.370   1.090   -2.231
1086220800   19877.00   2004.42026   -3.408   1.081   -3.509
1087084800   19887.00   2004.44764   -6.337   1.072   -4.613
1087948800   19897.00   2004.47502   -7.353   1.064   -5.485
1088812800   19907.00   2004.50240   -5.031   1.055   -6.079
1089676800   19917.00   2004.52977   -4.746   1.046   -6.371
1090540800   19927.00   2004.55715   -4.681   1.037   -6.353
1091404800   19937.00   2004.58453   3.342   1.029   -6.040
1092268800   19947.00   2004.61191   -2.378   1.020   -5.465
1093132800   19957.00   2004.63929   2.972   1.011   -4.674
1093996800   19967.00   2004.66667   4.848   1.002   -3.724
1094860800   19977.00   2004.69405   4.097   0.994   -2.674
1095724800   19987.00   2004.72142   10.462   0.985   -1.584
1096588800   19997.00   2004.74880   7.889   0.976   -0.507
1097452800   20007.00   2004.77618   2.084   0.968   0.516
1098316800   20017.00   2004.80356   9.299   0.959   1.454
1099180800   20027.00   2004.83094   6.049   0.950   2.293
1100044800   20037.00   2004.85832   8.481   0.941   3.028
1100908800   20047.00   2004.88569   4.537   0.933   3.666
1101772800   20057.00   2004.91307   6.520   0.924   4.222
1102636800   20067.00   2004.94045   1.189   0.915   4.711
1103500800   20077.00   2004.96783   1.867   0.907   5.146
1104364800   20087.00   2004.99521   2.469   0.898   5.536
1105228800   20097.00   2005.02259   6.874   0.889   5.882
1106092800   20107.00   2005.04997   5.491   0.880   6.171
1106956800   20117.00   2005.07734   6.012   0.872   6.387
1107820800   20127.00   2005.10472   5.156   0.863   6.501
1108684800   20137.00   2005.13210   10.481   0.854   6.481
1109548800   20147.00   2005.15948   11.042   0.846   6.296
1110412800   20157.00   2005.18686   -0.106   0.837   5.918
1111276800   20167.00   2005.21424   7.301   0.828   5.330
1112140800   20177.00   2005.24162   7.401   0.819   4.524
  1113004800   20187.00   2005.26899   NaN   0.811   3.513
  1113868800   20197.00   2005.29637   NaN   0.802   2.324
  1114732800   20207.00   2005.32375   NaN   0.793   1.001
1115596800   20217.00   2005.35113   3.914   0.784   -0.398
1116460800   20227.00   2005.37851   2.935   0.776   -1.805
1117324800   20237.00   2005.40589   -0.294   0.767   -3.146
1118188800   20247.00   2005.43326   -2.555   0.758   -4.349
1119052800   20257.00   2005.46064   -2.494   0.750   -5.350
1119916800   20267.00   2005.48802   -5.318   0.741   -6.094
1120780800   20277.00   2005.51540   -6.014   0.732   -6.547
1121644800   20287.00   2005.54278   -6.247   0.723   -6.691
1122508800   20297.00   2005.57016   -5.520   0.715   -6.530
1123372800   20307.00   2005.59754   -7.068   0.706   -6.088
1124236800   20317.00   2005.62491   -11.337   0.697   -5.404
1125100800   20327.00   2005.65229   -11.114   0.689   -4.530
1125964800   20337.00   2005.67967   -8.833   0.680   -3.524
1126828800   20347.00   2005.70705   -9.410   0.671   -2.449
1127692800   20357.00   2005.73443   -11.563   0.662   -1.359
1128556800   20367.00   2005.76181   -6.861   0.654   -0.303
1129420800   20377.00   2005.78919   3.571   0.645   0.682
1130284800   20387.00   2005.81656   -0.279   0.636   1.575
1131148800   20397.00   2005.84394   2.520   0.627   2.364
1132012800   20407.00   2005.87132   1.965   0.619   3.052
1132876800   20417.00   2005.89870   2.493   0.610   3.649
1133740800   20427.00   2005.92608   -1.055   0.601   4.171
1134604800   20437.00   2005.95346   -3.150   0.593   4.633
1135468800   20447.00   2005.98084   -0.549   0.584   5.046
1136332800   20457.00   2006.00821   3.687   0.575   5.416
1137196800   20467.00   2006.03559   7.207   0.566   5.736
1138060800   20477.00   2006.06297   2.909   0.558   5.994
1138924800   20487.00   2006.09035   7.097   0.549   6.165
1139788800   20497.00   2006.11773   9.353   0.540   6.219
1140652800   20507.00   2006.14511   9.038   0.532   6.125
1141516800   20517.00   2006.17248   5.741   0.523   5.851
1142380800   20527.00   2006.19986   3.429   0.514   5.375
1143244800   20537.00   2006.22724   2.376   0.505   4.683
1144108800   20547.00   2006.25462   1.951   0.497   3.778
1144972800   20557.00   2006.28200   1.363   0.488   2.678
1145836800   20567.00   2006.30938   -0.172   0.479   1.418
1146700800   20577.00   2006.33676   -6.800   0.471   0.051
1147564800   20587.00   2006.36413   -1.636   0.462   -1.361
1148428800   20597.00   2006.39151   -1.832   0.453   -2.745
1149292800   20607.00   2006.41889   -5.278   0.444   -4.030
1150156800   20617.00   2006.44627   -5.683   0.436   -5.144
1151020800   20627.00   2006.47365   -2.424   0.427   -6.029
1151884800   20637.00   2006.50103   1.746   0.418   -6.638
1152748800   20647.00   2006.52841   -2.436   0.409   -6.945
1153612800   20657.00   2006.55578   -4.604   0.401   -6.942
1154476800   20667.00   2006.58316   -4.586   0.392   -6.644
1155340800   20677.00   2006.61054   -3.765   0.383   -6.081
1156204800   20687.00   2006.63792   -4.221   0.375   -5.300
1157068800   20697.00   2006.66530   -4.962   0.366   -4.356
1157932800   20707.00   2006.69268   0.769   0.357   -3.309
1158796800   20717.00   2006.72005   -0.027   0.348   -2.220
1159660800   20727.00   2006.74743   -1.086   0.340   -1.141
1160524800   20737.00   2006.77481   -3.199   0.331   -0.115
1161388800   20747.00   2006.80219   -0.503   0.322   0.828
1162252800   20757.00   2006.82957   -1.483   0.314   1.672
1163116800   20767.00   2006.85695   0.083   0.305   2.412
1163980800   20777.00   2006.88433   0.895   0.296   3.055
1164844800   20787.00   2006.91170   3.615   0.287   3.615
1165708800   20797.00   2006.93908   3.917   0.279   4.106
1166572800   20807.00   2006.96646   0.842   0.270   4.544
1167436800   20817.00   2006.99384   0.346   0.261   4.936
1168300800   20827.00   2007.02122   6.539   0.253   5.284
1169164800   20837.00   2007.04860   6.125   0.244   5.577
1170028800   20847.00   2007.07598   2.242   0.235   5.797
1170892800   20857.00   2007.10335   -2.064   0.226   5.916
1171756800   20867.00   2007.13073   -1.405   0.218   5.904
1172620800   20877.00   2007.15811   -1.392   0.209   5.728
1173484800   20887.00   2007.18549   0.355   0.200   5.361
1174348800   20897.00   2007.21287   1.458   0.191   4.783
1175212800   20907.00   2007.24025   -0.224   0.183   3.988
1176076800   20917.00   2007.26762   0.644   0.174   2.987
1176940800   20927.00   2007.29500   -0.262   0.165   1.806
1177804800   20937.00   2007.32238   2.727   0.157   0.488
1178668800   20947.00   2007.34976   0.485   0.148   -0.909
1179532800   20957.00   2007.37714   -0.830   0.139   -2.317
1180396800   20967.00   2007.40452   -6.467   0.130   -3.663
1181260800   20977.00   2007.43190   -7.827   0.122   -4.875
1182124800   20987.00   2007.45927   -7.573   0.113   -5.887
1182988800   20997.00   2007.48665   -5.951   0.104   -6.645
1183852800   21007.00   2007.51403   -7.987   0.096   -7.113
1184716800   21017.00   2007.54141   -11.085   0.087   -7.273
1185580800   21027.00   2007.56879   -6.471   0.078   -7.127
1186444800   21037.00   2007.59617   -8.239   0.069   -6.698
1187308800   21047.00   2007.62355   -11.335   0.061   -6.025
1188172800   21057.00   2007.65092   -10.679   0.052   -5.158
1189036800   21067.00   2007.67830   -6.050   0.043   -4.158
1189900800   21077.00   2007.70568   -3.719   0.034   -3.085
1190764800   21087.00   2007.73306   -7.094   0.026   -1.994
1191628800   21097.00   2007.76044   -7.102   0.017   -0.936
1192492800   21107.00   2007.78782   -2.105   0.008   0.054
1193356800   21117.00   2007.81520   -1.874   -0.000   0.951
1194220800   21127.00   2007.84257   -0.412   -0.009   1.745
1195084800   21137.00   2007.86995   6.008   -0.018   2.438
1195948800   21147.00   2007.89733   -1.719   -0.027   3.040
1196812800   21157.00   2007.92471   -6.010   -0.035   3.565
1197676800   21167.00   2007.95209   -2.497   -0.044   4.029
1198540800   21177.00   2007.97947   3.259   -0.053   4.445
1199404800   21187.00   2008.00684   2.947   -0.061   4.817
1200268800   21197.00   2008.03422   -1.218   -0.070   5.140
1201132800   21207.00   2008.06160   0.606   -0.079   5.401
1201996800   21217.00   2008.08898   4.286   -0.088   5.577
1202860800   21227.00   2008.11636   8.303   -0.096   5.638
1203724800   21237.00   2008.14374   9.509   -0.105   5.552
1204588800   21247.00   2008.17112   11.498   -0.114   5.288
1205452800   21257.00   2008.19849   6.286   -0.122   4.822
1206316800   21267.00   2008.22587   3.614   -0.131   4.141
1207180800   21277.00   2008.25325   7.590   -0.140   3.247
1208044800   21287.00   2008.28063   1.541   -0.149   2.155
1208908800   21297.00   2008.30801   2.137   -0.157   0.903
1209772800   21307.00   2008.33539   -3.229   -0.166   -0.460
1210636800   21317.00   2008.36277   3.614   -0.175   -1.872
1211500800   21327.00   2008.39014   -3.855   -0.184   -3.259
1212364800   21337.00   2008.41752   -10.470   -0.192   -4.551
1213228800   21347.00   2008.44490   -9.982   -0.201   -5.675
1214092800   21357.00   2008.47228   -11.911   -0.210   -6.572
1214956800   21367.00   2008.49966   -12.836   -0.218   -7.196
1215820800   21377.00   2008.52704   -14.527   -0.227   -7.518
1216684800   21387.00   2008.55441   -12.642   -0.236   -7.531
1217548800   21397.00   2008.58179   -10.739   -0.245   -7.247
1218412800   21407.00   2008.60917   -7.546   -0.253   -6.696
1219276800   21417.00   2008.63655   -6.473   -0.262   -5.924
1220140800   21427.00   2008.66393   -5.104   -0.271   -4.987
1221004800   21437.00   2008.69131   -2.327   -0.279   -3.945
1221868800   21447.00   2008.71869   -6.100   -0.288   -2.856
1222732800   21457.00   2008.74606   -0.281   -0.297   -1.776
1223596800   21467.00   2008.77344   0.233   -0.306   -0.746
1224460800   21477.00   2008.80082   0.550   -0.314   0.202
1225324800   21487.00   2008.82820   4.070   -0.323   1.050
1226188800   21497.00   2008.85558   -3.008   -0.332   1.796
1227052800   21507.00   2008.88296   -9.658   -0.340   2.444
1227916800   21517.00   2008.91034   -1.651   -0.349   3.007
1228780800   21527.00   2008.93771   -1.674   -0.358   3.502
1229644800   21537.00   2008.96509   -3.871   -0.367   3.942
1230508800   21547.00   2008.99247   5.388   -0.375   4.336
1231372800   21557.00   2009.01985   -0.828   -0.384   4.686
1232236800   21567.00   2009.04723   4.814   -0.393   4.983
1233100800   21577.00   2009.07461   2.196   -0.402   5.206
1233964800   21587.00   2009.10198   3.308   -0.410   5.332
1234828800   21597.00   2009.12936   2.380   -0.419   5.327
1235692800   21607.00   2009.15674   -0.029   -0.428   5.160
1236556800   21617.00   2009.18412   2.200   -0.436   4.802
1237420800   21627.00   2009.21150   -0.369   -0.445   4.235
1238284800   21637.00   2009.23888   2.518   -0.454   3.452
1239148800   21647.00   2009.26626   -1.221   -0.463   2.460
1240012800   21657.00   2009.29363   0.825   -0.471   1.287
1240876800   21667.00   2009.32101   -4.025   -0.480   -0.025
1241740800   21677.00   2009.34839   -4.091   -0.489   -1.420
1242604800   21687.00   2009.37577   -7.603   -0.497   -2.829
1243468800   21697.00   2009.40315   -4.187   -0.506   -4.180
1244332800   21707.00   2009.43053   -3.309   -0.515   -5.400
1245196800   21717.00   2009.45791   -1.014   -0.524   -6.423
1246060800   21727.00   2009.48528   -2.152   -0.532   -7.195
1246924800   21737.00   2009.51266   -4.313   -0.541   -7.678
1247788800   21747.00   2009.54004   -3.346   -0.550   -7.853
1248652800   21757.00   2009.56742   -6.328   -0.559   -7.723
1249516800   21767.00   2009.59480   -3.069   -0.567   -7.307
1250380800   21777.00   2009.62218   -2.746   -0.576   -6.645
1251244800   21787.00   2009.64956   -0.671   -0.585   -5.787
1252108800   21797.00   2009.67693   3.439   -0.593   -4.792
1252972800   21807.00   2009.70431   0.281   -0.602   -3.721
1253836800   21817.00   2009.73169   2.996   -0.611   -2.630
1254700800   21827.00   2009.75907   7.143   -0.620   -1.569
1255564800   21837.00   2009.78645   3.623   -0.628   -0.575
1256428800   21847.00   2009.81383   6.391   -0.637   0.327
1257292800   21857.00   2009.84120   10.188   -0.646   1.126
1258156800   21867.00   2009.86858   3.905   -0.654   1.824
1259020800   21877.00   2009.89596   6.654   -0.663   2.430
1259884800   21887.00   2009.92334   6.560   -0.672   2.959
1260748800   21897.00   2009.95072   3.184   -0.681   3.426
1261612800   21907.00   2009.97810   6.651   -0.689   3.844
1262476800   21917.00   2010.00548   12.977   -0.698   4.218
1263340800   21927.00   2010.03285   2.589   -0.707   4.544
1264204800   21937.00   2010.06023   8.208   -0.715   4.809
1265068800   21947.00   2010.08761   5.664   -0.724   4.989
1265932800   21957.00   2010.11499   11.794   -0.733   5.057
1266796800   21967.00   2010.14237   0.580   -0.742   4.979
1267660800   21977.00   2010.16975   12.237   -0.750   4.725
1268524800   21987.00   2010.19713   11.336   -0.759   4.269
1269388800   21997.00   2010.22450   7.996   -0.768   3.599
1270252800   22007.00   2010.25188   8.379   -0.777   2.715
1271116800   22017.00   2010.27926   9.840   -0.785   1.633
1271980800   22027.00   2010.30664   7.563   -0.794   0.387
1272844800   22037.00   2010.33402   4.336   -0.803   -0.972
1273708800   22047.00   2010.36140   4.029   -0.811   -2.382
1274572800   22057.00   2010.38877   2.645   -0.820   -3.773
  1275436800   22067.00   2010.41615   NaN   -0.829   -5.071
1276300800   22077.00   2010.44353   -5.487   -0.838   -6.205
1277164800   22087.00   2010.47091   -7.348   -0.846   -7.115
1278028800   22097.00   2010.49829   -13.429   -0.855   -7.753
1278892800   22107.00   2010.52567   -12.437   -0.864   -8.091
1279756800   22117.00   2010.55305   -10.623   -0.872   -8.119
1280620800   22127.00   2010.58042   -9.785   -0.881   -7.849
1281484800   22137.00   2010.60780   -9.048   -0.890   -7.311
1282348800   22147.00   2010.63518   -9.331   -0.899   -6.549
1283212800   22157.00   2010.66256   -6.933   -0.907   -5.619
1284076800   22167.00   2010.68994   -9.222   -0.916   -4.580
1284940800   22177.00   2010.71732   -3.586   -0.925   -3.493
1285804800   22187.00   2010.74470   -5.315   -0.933   -2.410
1286668800   22197.00   2010.77207   -1.565   -0.942   -1.377
1287532800   22207.00   2010.79945   -2.235   -0.951   -0.425
1288396800   22217.00   2010.82683   2.723   -0.960   0.429
1289260800   22227.00   2010.85421   1.539   -0.968   1.179
1290124800   22237.00   2010.88159   2.343   -0.977   1.832
1290988800   22247.00   2010.90897   -4.912   -0.986   2.399
1291852800   22257.00   2010.93634   5.943   -0.995   2.897
1292716800   22267.00   2010.96372   -2.469   -1.003   3.339
1293580800   22277.00   2010.99110   0.469   -1.012   3.736
  1294444800   22287.00   2011.01848   NaN   -1.021   4.088
  1295308800   22297.00   2011.04586   NaN   -1.029   4.388
  1296172800   22307.00   2011.07324   NaN   -1.038   4.616
1297036800   22317.00   2011.10062   11.490   -1.047   4.747
1297900800   22327.00   2011.12799   4.224   -1.056   4.749
1298764800   22337.00   2011.15537   4.773   -1.064   4.591
1299628800   22347.00   2011.18275   13.436   -1.073   4.244
1300492800   22357.00   2011.21013   3.896   -1.082   3.687
1301356800   22367.00   2011.23751   4.902   -1.090   2.914
1302220800   22377.00   2011.26489   0.782   -1.099   1.933
1303084800   22387.00   2011.29227   1.867   -1.108   0.768
1303948800   22397.00   2011.31964   -1.588   -1.117   -0.539
1304812800   22407.00   2011.34702   -0.174   -1.125   -1.930
1305676800   22417.00   2011.37440   0.039   -1.134   -3.341
1306540800   22427.00   2011.40178   -8.094   -1.143   -4.696
1307404800   22437.00   2011.42916   -5.299   -1.152   -5.925
  1308268800   22447.00   2011.45654   NaN   -1.160   -6.959
  1309132800   22457.00   2011.48392   NaN   -1.169   -7.745
1309996800   22467.00   2011.51129   -4.504   -1.178   -8.243
1310860800   22477.00   2011.53867   -17.960   -1.186   -8.434
1311724800   22487.00   2011.56605   -11.487   -1.195   -8.318
1312588800   22497.00   2011.59343   -9.322   -1.204   -7.915
1313452800   22507.00   2011.62081   -9.231   -1.213   -7.264
1314316800   22517.00   2011.64819   -4.029   -1.221   -6.415
1315180800   22527.00   2011.67556   7.394   -1.230   -5.426
1316044800   22537.00   2011.70294   -1.699   -1.239   -4.357
1316908800   22547.00   2011.73032   -0.285   -1.247   -3.266
1317772800   22557.00   2011.75770   6.307   -1.256   -2.202
1318636800   22567.00   2011.78508   2.958   -1.265   -1.204
1319500800   22577.00   2011.81246   -0.246   -1.274   -0.297
1320364800   22587.00   2011.83984   1.536   -1.282   0.507
1321228800   22597.00   2011.86721   5.547   -1.291   1.210
  1322092800   22607.00   2011.89459   NaN   -1.300   1.820
  1322956800   22617.00   2011.92197   NaN   -1.308   2.352
  1323820800   22627.00   2011.94935   NaN   -1.317   2.822
1324684800   22637.00   2011.97673   1.855   -1.326   3.243
1325548800   22647.00   2012.00411   -0.091   -1.335   3.619
1326412800   22657.00   2012.03149   4.841   -1.343   3.947
1327276800   22667.00   2012.05886   4.918   -1.352   4.216
1328140800   22677.00   2012.08624   8.674   -1.361   4.401
1329004800   22687.00   2012.11362   -1.242   -1.370   4.475
1329868800   22697.00   2012.14100   -1.478   -1.378   4.405
1330732800   22707.00   2012.16838   3.360   -1.387   4.160
1331596800   22717.00   2012.19576   10.209   -1.396   3.716
1332460800   22727.00   2012.22313   4.525   -1.404   3.056
1333324800   22737.00   2012.25051   4.208   -1.413   2.182
1334188800   22747.00   2012.27789   -2.651   -1.422   1.110
  1335052800   22757.00   2012.30527   NaN   -1.431   -0.129
  1335916800   22767.00   2012.33265   NaN   -1.439   -1.484
  1336780800   22777.00   2012.36003   NaN   -1.448   -2.893
  1337644800   22787.00   2012.38741   NaN   -1.457   -4.287
1338508800   22797.00   2012.41478   -3.822   -1.465   -5.591
1339372800   22807.00   2012.44216   -3.467   -1.474   -6.735
1340236800   22817.00   2012.46954   -8.640   -1.483   -7.657
1341100800   22827.00   2012.49692   -12.653   -1.492   -8.310
1341964800   22837.00   2012.52430   -16.436   -1.500   -8.663
1342828800   22847.00   2012.55168   -13.112   -1.509   -8.707
1343692800   22857.00   2012.57906   -13.965   -1.518   -8.451
1344556800   22867.00   2012.60643   -13.711   -1.526   -7.925
1345420800   22877.00   2012.63381   -10.677   -1.535   -7.173
1346284800   22887.00   2012.66119   -13.904   -1.544   -6.250
1347148800   22897.00   2012.68857   -9.450   -1.553   -5.215
1348012800   22907.00   2012.71595   -3.610   -1.561   -4.129
  1348876800   22917.00   2012.74333   NaN   -1.570   -3.045
  1349740800   22927.00   2012.77070   NaN   -1.579   -2.009
  1350604800   22937.00   2012.79808   NaN   -1.588   -1.052
  1351468800   22947.00   2012.82546   NaN   -1.596   -0.193
1352332800   22957.00   2012.85284   3.783   -1.605   0.563
1353196800   22967.00   2012.88022   4.497   -1.614   1.220
1354060800   22977.00   2012.90760   2.333   -1.622   1.791
1354924800   22987.00   2012.93498   3.591   -1.631   2.292
1355788800   22997.00   2012.96235   5.309   -1.640   2.737
1356652800   23007.00   2012.98973   2.817   -1.649   3.136
1357516800   23017.00   2013.01711   1.822   -1.657   3.491
1358380800   23027.00   2013.04449   -1.272   -1.666   3.793
1359244800   23037.00   2013.07187   -2.372   -1.675   4.025
1360108800   23047.00   2013.09925   -6.471   -1.683   4.162
1360972800   23057.00   2013.12663   -3.147   -1.692   4.171
1361836800   23067.00   2013.15400   -7.470   -1.701   4.022
  1362700800   23077.00   2013.18138   NaN   -1.710   3.684
  1363564800   23087.00   2013.20876   NaN   -1.718   3.139
  1364428800   23097.00   2013.23614   NaN   -1.727   2.377
  1365292800   23107.00   2013.26352   NaN   -1.736   1.405
1366156800   23117.00   2013.29090   -3.057   -1.745   0.249
1367020800   23127.00   2013.31828   -5.609   -1.753   -1.052
1367884800   23137.00   2013.34565   -1.129   -1.762   -2.441
1368748800   23147.00   2013.37303   -7.421   -1.771   -3.852
1369612800   23157.00   2013.40041   -2.019   -1.779   -5.213
1370476800   23167.00   2013.42779   -5.565   -1.788   -6.449
1371340800   23177.00   2013.45517   3.384   -1.797   -7.495
1372204800   23187.00   2013.48255   -2.296   -1.806   -8.294
1373068800   23197.00   2013.50992   -0.247   -1.814   -8.807
1373932800   23207.00   2013.53730   -4.432   -1.823   -9.013
1374796800   23217.00   2013.56468   -0.945   -1.832   -8.912
  1375660800   23227.00   2013.59206   NaN   -1.840   -8.523
  1376524800   23237.00   2013.61944   NaN   -1.849   -7.884
  1377388800   23247.00   2013.64682   NaN   -1.858   -7.043
  1378252800   23257.00   2013.67420   NaN   -1.867   -6.059
  1379116800   23267.00   2013.70157   NaN   -1.875   -4.993
  1379980800   23277.00   2013.72895   NaN   -1.884   -3.901
1380844800   23287.00   2013.75633   -7.332   -1.893   -2.835
1381708800   23297.00   2013.78371   -2.997   -1.901   -1.834
1382572800   23307.00   2013.81109   -3.752   -1.910   -0.922
1383436800   23317.00   2013.83847   -5.827   -1.919   -0.112
1384300800   23327.00   2013.86585   -0.617   -1.928   0.596
1385164800   23337.00   2013.89322   -4.798   -1.936   1.210
1386028800   23347.00   2013.92060   -3.654   -1.945   1.746
1386892800   23357.00   2013.94798   -0.579   -1.954   2.219
1387756800   23367.00   2013.97536   6.296   -1.963   2.641
1388620800   23377.00   2014.00274   6.460   -1.971   3.019
1389484800   23387.00   2014.03012   4.310   -1.980   3.351
  1390348800   23397.00   2014.05749   NaN   -1.989   3.623
  1391212800   23407.00   2014.08487   NaN   -1.997   3.813
  1392076800   23417.00   2014.11225   NaN   -2.006   3.893
  1392940800   23427.00   2014.13963   NaN   -2.015   3.831
1393804800   23437.00   2014.16701   0.581   -2.024   3.596
1394668800   23447.00   2014.19439   0.589   -2.032   3.161
1395532800   23457.00   2014.22177   -2.090   -2.041   2.513
1396396800   23467.00   2014.24914   -5.621   -2.050   1.649
1397260800   23477.00   2014.27652   -6.413   -2.058   0.586
1398124800   23487.00   2014.30390   -6.882   -2.067   -0.645
1398988800   23497.00   2014.33128   -7.328   -2.076   -1.996
1399852800   23507.00   2014.35866   -11.129   -2.085   -3.404
1400716800   23517.00   2014.38604   -3.891   -2.093   -4.800
1401580800   23527.00   2014.41342   -7.551   -2.102   -6.110
1402444800   23537.00   2014.44079   -10.171   -2.111   -7.264
1403308800   23547.00   2014.46817   -5.525   -2.119   -8.199
  1404172800   23557.00   2014.49555   NaN   -2.128   -8.866
  1405036800   23567.00   2014.52293   NaN   -2.137   -9.234
  1405900800   23577.00   2014.55031   NaN   -2.146   -9.293
1406764800   23587.00   2014.57769   -7.291   -2.154   -9.052
1407628800   23597.00   2014.60507   -0.055   -2.163   -8.539
1408492800   23607.00   2014.63244   -1.971   -2.172   -7.797
1409356800   23617.00   2014.65982   -8.629   -2.181   -6.880
1410220800   23627.00   2014.68720   -4.386   -2.189   -5.850
1411084800   23637.00   2014.71458   -1.100   -2.198   -4.765
1411948800   23647.00   2014.74196   -15.514   -2.207   -3.680
1412812800   23657.00   2014.76934   -12.250   -2.215   -2.640
1413676800   23667.00   2014.79671   -11.506   -2.224   -1.679
1414540800   23677.00   2014.82409   0.407   -2.233   -0.815
1415404800   23687.00   2014.85147   -8.264   -2.242   -0.054
1416268800   23697.00   2014.87885   -4.399   -2.250   0.608
1417132800   23707.00   2014.90623   -0.037   -2.259   1.183
  1417996800   23717.00   2014.93361   NaN   -2.268   1.687
  1418860800   23727.00   2014.96099   NaN   -2.276   2.134
  1419724800   23737.00   2014.98836   NaN   -2.285   2.536
  1420588800   23747.00   2015.01574   NaN   -2.294   2.892
1421452800   23757.00   2015.04312   -0.689   -2.303   3.198
1422316800   23767.00   2015.07050   0.813   -2.311   3.434
1423180800   23777.00   2015.09788   3.122   -2.320   3.576
  1424044800   23787.00   2015.12526   NaN   -2.329   3.593
1424908800   23797.00   2015.15264   2.232   -2.338   3.452
1425772800   23807.00   2015.18001   1.445   -2.346   3.125
1426636800   23817.00   2015.20739   5.356   -2.355   2.590
1427500800   23827.00   2015.23477   2.211   -2.364   1.838
1428364800   23837.00   2015.26215   4.315   -2.372   0.877
1429228800   23847.00   2015.28953   -5.131   -2.381   -0.271
1430092800   23857.00   2015.31691   -3.597   -2.390   -1.566
1430956800   23867.00   2015.34428   1.213   -2.399   -2.952
  1431820800   23877.00   2015.37166   NaN   -2.407   -4.364
  1432684800   23887.00   2015.39904   NaN   -2.416   -5.728
  1433548800   23897.00   2015.42642   NaN   -2.425   -6.973
  1434412800   23907.00   2015.45380   NaN   -2.433   -8.029
  1435276800   23917.00   2015.48118   NaN   -2.442   -8.842
1436140800   23927.00   2015.50856   4.322   -2.451   -9.370
1437004800   23937.00   2015.53593   -7.482   -2.460   -9.591
1437868800   23947.00   2015.56331   -9.855   -2.468   -9.505
1438732800   23957.00   2015.59069   -12.310   -2.477   -9.130
1439596800   23967.00   2015.61807   -12.556   -2.486   -8.502
1440460800   23977.00   2015.64545   -13.617   -2.494   -7.670
1441324800   23987.00   2015.67283   -4.987   -2.503   -6.692
1442188800   23997.00   2015.70021   -6.525   -2.512   -5.628
1443052800   24007.00   2015.72758   -7.483   -2.521   -4.537
  1443916800   24017.00   2015.75496   NaN   -2.529   -3.469
  1444780800   24027.00   2015.78234   NaN   -2.538   -2.463
  1445644800   24037.00   2015.80972   NaN   -2.547   -1.546
  1446508800   24047.00   2015.83710   NaN   -2.556   -0.731
  1447372800   24057.00   2015.86448   NaN   -2.564   -0.019
  1448236800   24067.00   2015.89185   NaN   -2.573   0.600
  1449100800   24077.00   2015.91923   NaN   -2.582   1.139
1449964800   24087.00   2015.94661   -1.143   -2.590   1.615
1450828800   24097.00   2015.97399   2.171   -2.599   2.040
1451692800   24107.00   2016.00137   5.515   -2.608   2.420
1452556800   24117.00   2016.02875   2.999   -2.617   2.754
1453420800   24127.00   2016.05613   2.228   -2.625   3.029
1454284800   24137.00   2016.08350   1.597   -2.634   3.224
1455148800   24147.00   2016.11088   4.763   -2.643   3.311
1456012800   24157.00   2016.13826   2.683   -2.651   3.257
1456876800   24167.00   2016.16564   -2.823   -2.660   3.031
1457740800   24177.00   2016.19302   1.130   -2.669   2.607
1458604800   24187.00   2016.22040   -8.630   -2.678   1.969
1459468800   24197.00   2016.24778   -3.477   -2.686   1.116
  1460332800   24207.00   2016.27515   NaN   -2.695   0.062
  1461196800   24217.00   2016.30253   NaN   -2.704   -1.162
  1462060800   24227.00   2016.32991   NaN   -2.712   -2.508
1462924800   24237.00   2016.35729   -4.422   -2.721   -3.915
1463788800   24247.00   2016.38467   -7.862   -2.730   -5.313
1464652800   24257.00   2016.41205   -6.880   -2.739   -6.629
1465516800   24267.00   2016.43943   -8.332   -2.747   -7.792
1466380800   24277.00   2016.46680   -10.318   -2.756   -8.739
1467244800   24287.00   2016.49418   -13.638   -2.765   -9.421
1468108800   24297.00   2016.52156   -10.435   -2.774   -9.804
1468972800   24307.00   2016.54894   -13.476   -2.782   -9.879
1469836800   24317.00   2016.57632   -9.609   -2.791   -9.652
1470700800   24327.00   2016.60370   -12.647   -2.800   -9.152
1471564800   24337.00   2016.63107   -8.129   -2.808   -8.420
1472428800   24347.00   2016.65845   -6.414   -2.817   -7.511
  1473292800   24357.00   2016.68583   NaN   -2.826   -6.485
  1474156800   24367.00   2016.71321   NaN   -2.835   -5.401
  1475020800   24377.00   2016.74059   NaN   -2.843   -4.315
  1475884800   24387.00   2016.76797   NaN   -2.852   -3.272
  1476748800   24397.00   2016.79535   NaN   -2.861   -2.306
  1477612800   24407.00   2016.82272   NaN   -2.869   -1.437
  1478476800   24417.00   2016.85010   NaN   -2.878   -0.671
  1479340800   24427.00   2016.87748   NaN   -2.887   -0.005
  1480204800   24437.00   2016.90486   NaN   -2.896   0.574
  1481068800   24447.00   2016.93224   NaN   -2.904   1.082
  1481932800   24457.00   2016.95962   NaN   -2.913   1.532
  1482796800   24467.00   2016.98700   NaN   -2.922   1.935
  1483660800   24477.00   2017.01437   NaN   -2.931   2.294
  1484524800   24487.00   2017.04175   NaN   -2.939   2.602
  1485388800   24497.00   2017.06913   NaN   -2.948   2.843
  1486252800   24507.00   2017.09651   NaN   -2.957   2.990
  1487116800   24517.00   2017.12389   NaN   -2.965   3.014
  1487980800   24527.00   2017.15127   NaN   -2.974   2.882
  1488844800   24537.00   2017.17864   NaN   -2.983   2.564
  1489708800   24547.00   2017.20602   NaN   -2.992   2.040
  1490572800   24557.00   2017.23340   NaN   -3.000   1.300
  1491436800   24567.00   2017.26078   NaN   -3.009   0.348
  1492300800   24577.00   2017.28816   NaN   -3.018   -0.791
  1493164800   24587.00   2017.31554   NaN   -3.026   -2.080
  1494028800   24597.00   2017.34292   NaN   -3.035   -3.463
  1494892800   24607.00   2017.37029   NaN   -3.044   -4.875
  1495756800   24617.00   2017.39767   NaN   -3.053   -6.244
  1496620800   24627.00   2017.42505   NaN   -3.061   -7.496
  1497484800   24637.00   2017.45243   NaN   -3.070   -8.563
  1498348800   24647.00   2017.47981   NaN   -3.079   -9.389
  1499212800   24657.00   2017.50719   NaN   -3.087   -9.932
  1500076800   24667.00   2017.53457   NaN   -3.096   -10.169
  1500940800   24677.00   2017.56194   NaN   -3.105   -10.098
  1501804800   24687.00   2017.58932   NaN   -3.114   -9.737
  1502668800   24697.00   2017.61670   NaN   -3.122   -9.120
  1503532800   24707.00   2017.64408   NaN   -3.131   -8.297
  1504396800   24717.00   2017.67146   NaN   -3.140   -7.325
  1505260800   24727.00   2017.69884   NaN   -3.149   -6.264
  1506124800   24737.00   2017.72621   NaN   -3.157   -5.173
  1506988800   24747.00   2017.75359   NaN   -3.166   -4.103
  1507852800   24757.00   2017.78097   NaN   -3.175   -3.093
  1508716800   24767.00   2017.80835   NaN   -3.183   -2.171
  1509580800   24777.00   2017.83573   NaN   -3.192   -1.351
  1510444800   24787.00   2017.86311   NaN   -3.201   -0.633
  1511308800   24797.00   2017.89049   NaN   -3.210   -0.010
  1512172800   24807.00   2017.91786   NaN   -3.218   0.533
  1513036800   24817.00   2017.94524   NaN   -3.227   1.011
  1513900800   24827.00   2017.97262   NaN   -3.236   1.438
  1514764800   24837.00   2018.00000   NaN   -3.244   1.821
  1515628800   24847.00   2018.02738   NaN   -3.253   2.157
  1516492800   24857.00   2018.05476   NaN   -3.262   2.436
  1517356800   24867.00   2018.08214   NaN   -3.271   2.635
  1518220800   24877.00   2018.10951   NaN   -3.279   2.728
  1519084800   24887.00   2018.13689   NaN   -3.288   2.682
  1519948800   24897.00   2018.16427   NaN   -3.297   2.465
  1520812800   24907.00   2018.19165   NaN   -3.305   2.051
  1521676800   24917.00   2018.21903   NaN   -3.314   1.425
  1522540800   24927.00   2018.24641   NaN   -3.323   0.582
  1523404800   24937.00   2018.27379   NaN   -3.332   -0.462
  1524268800   24947.00   2018.30116   NaN   -3.340   -1.679
  1525132800   24957.00   2018.32854   NaN   -3.349   -3.020
  1525996800   24967.00   2018.35592   NaN   -3.358   -4.425
  1526860800   24977.00   2018.38330   NaN   -3.367   -5.826
  1527724800   24987.00   2018.41068   NaN   -3.375   -7.148
1528588800   24997.00   2018.43806   -9.640   -3.384   -8.320
1529452800   25007.00   2018.46543   -14.933   -3.393   -9.279
1530316800   25017.00   2018.49281   -8.749   -3.401   -9.975
1531180800   25027.00   2018.52019   -12.096   -3.410   -10.374
  1532044800   25037.00   2018.54757   NaN   -3.419   -10.464
  1532908800   25047.00   2018.57495   NaN   -3.428   -10.252
  1533772800   25057.00   2018.60233   NaN   -3.436   -9.764
  1534636800   25067.00   2018.62971   NaN   -3.445   -9.043
  1535500800   25077.00   2018.65708   NaN   -3.454   -8.141
  1536364800   25087.00   2018.68446   NaN   -3.462   -7.119
  1537228800   25097.00   2018.71184   NaN   -3.471   -6.037
  1538092800   25107.00   2018.73922   NaN   -3.480   -4.950
  1538956800   25117.00   2018.76660   NaN   -3.489   -3.904
  1539820800   25127.00   2018.79398   NaN   -3.497   -2.934
1540684800   25137.00   2018.82136   1.656   -3.506   -2.059
1541548800   25147.00   2018.84873   6.091   -3.515   -1.288
1542412800   25157.00   2018.87611   7.079   -3.524   -0.617
1543276800   25167.00   2018.90349   7.754   -3.532   -0.034
1544140800   25177.00   2018.93087   9.535   -3.541   0.476
1545004800   25187.00   2018.95825   7.413   -3.550   0.929
1545868800   25197.00   2018.98563   5.971   -3.558   1.334
1546732800   25207.00   2019.01300   -0.401   -3.567   1.696
1547596800   25217.00   2019.04038   6.313   -3.576   2.007
1548460800   25227.00   2019.06776   5.686   -3.585   2.251
1549324800   25237.00   2019.09514   0.744   -3.593   2.404
  1550188800   25247.00   2019.12252   NaN   -3.602   2.435
1551052800   25257.00   2019.14990   6.843   -3.611   2.311
1551916800   25267.00   2019.17728   4.252   -3.619   2.004
1552780800   25277.00   2019.20465   5.981   -3.628   1.490
1553644800   25287.00   2019.23203   3.561   -3.637   0.760
1554508800   25297.00   2019.25941   -1.113   -3.646   -0.181
1555372800   25307.00   2019.28679   3.846   -3.654   -1.312
1556236800   25317.00   2019.31417   -2.419   -3.663   -2.594
1557100800   25327.00   2019.34155   0.002   -3.672   -3.974
1557964800   25337.00   2019.36893   -3.150   -3.680   -5.387
1558828800   25347.00   2019.39630   -5.051   -3.689   -6.759
1559692800   25357.00   2019.42368   -6.562   -3.698   -8.019
1560556800   25367.00   2019.45106   -4.916   -3.707   -9.097
1561420800   25377.00   2019.47844   -3.329   -3.715   -9.936
1562284800   25387.00   2019.50582   -8.267   -3.724   -10.493
1563148800   25397.00   2019.53320   -7.834   -3.733   -10.746
1564012800   25407.00   2019.56057   -11.140   -3.742   -10.690
1564876800   25417.00   2019.58795   -9.120   -3.750   -10.343
1565740800   25427.00   2019.61533   -3.498   -3.759   -9.738
1566604800   25437.00   2019.64271   -6.311   -3.768   -8.924
1567468800   25447.00   2019.67009   -5.546   -3.776   -7.958
1568332800   25457.00   2019.69747   -8.889   -3.785   -6.900
1569196800   25467.00   2019.72485   -6.416   -3.794   -5.809
1570060800   25477.00   2019.75222   -8.438   -3.803   -4.736
1570924800   25487.00   2019.77960   -5.347   -3.811   -3.723
1571788800   25497.00   2019.80698   -3.992   -3.820   -2.797
1572652800   25507.00   2019.83436   -2.199   -3.829   -1.971
1573516800   25517.00   2019.86174   -4.210   -3.837   -1.248
1574380800   25527.00   2019.88912   -2.298   -3.846   -0.621
1575244800   25537.00   2019.91650   -2.698   -3.855   -0.074
1576108800   25547.00   2019.94387   0.224   -3.864   0.407
1576972800   25557.00   2019.97125   -0.703   -3.872   0.836
1577836800   25567.00   2019.99863   0.159   -3.881   1.221
1578700800   25577.00   2020.02601   2.460   -3.890   1.560
  1579564800   25587.00   2020.05339   NaN   -3.898   1.842
1580428800   25597.00   2020.08077   3.768   -3.907   2.046
  1581292800   25607.00   2020.10815   NaN   -3.916   2.145
1582156800   25617.00   2020.13552   2.513   -3.925   2.106
1583020800   25627.00   2020.16290   3.758   -3.933   1.899
1583884800   25637.00   2020.19028   4.822   -3.942   1.496
1584748800   25647.00   2020.21766   4.775   -3.951   0.880
1585612800   25657.00   2020.24504   0.433   -3.960   0.048
1586476800   25667.00   2020.27242   -11.869   -3.968   -0.987
1587340800   25677.00   2020.29979   -1.656   -3.977   -2.196
1588204800   25687.00   2020.32717   -0.683   -3.986   -3.532
1589068800   25697.00   2020.35455   -5.579   -3.994   -4.936
1589932800   25707.00   2020.38193   -5.241   -4.003   -6.339
1590796800   25717.00   2020.40931   -6.714   -4.012   -7.667
1591660800   25727.00   2020.43669   -6.164   -4.021   -8.848
1592524800   25737.00   2020.46407   -10.537   -4.029   -9.819
1593388800   25747.00   2020.49144   -13.152   -4.038   -10.528
1594252800   25757.00   2020.51882   -10.704   -4.047   -10.943
1595116800   25767.00   2020.54620   -14.290   -4.055   -11.048
1595980800   25777.00   2020.57358   -12.953   -4.064   -10.851
1596844800   25787.00   2020.60096   -10.698   -4.073   -10.376
1597708800   25797.00   2020.62834   -14.027   -4.082   -9.665
1598572800   25807.00   2020.65572   -10.308   -4.090   -8.771
1599436800   25817.00   2020.68309   -15.077   -4.099   -7.754
1600300800   25827.00   2020.71047   -7.726   -4.108   -6.673
1601164800   25837.00   2020.73785   -9.692   -4.117   -5.585
1602028800   25847.00   2020.76523   -8.577   -4.125   -4.536
1602892800   25857.00   2020.79261   -7.667   -4.134   -3.562
1603756800   25867.00   2020.81999   -6.351   -4.143   -2.682
1604620800   25877.00   2020.84736   -2.480   -4.151   -1.906
1605484800   25887.00   2020.87474   -1.157   -4.160   -1.230
1606348800   25897.00   2020.90212   0.467   -4.169   -0.643
1607212800   25907.00   2020.92950   1.060   -4.178   -0.129
1608076800   25917.00   2020.95688   -1.264   -4.186   0.326
1608940800   25927.00   2020.98426   5.513   -4.195   0.734
1609804800   25937.00   2021.01164   3.614   -4.204   1.098
1610668800   25947.00   2021.03901   1.062   -4.212   1.411
1611532800   25957.00   2021.06639   3.454   -4.221   1.660
1612396800   25967.00   2021.09377   4.201   -4.230   1.818
1613260800   25977.00   2021.12115   2.221   -4.239   1.855
1614124800   25987.00   2021.14853   7.230   -4.247   1.740
1614988800   25997.00   2021.17591   1.433   -4.256   1.442
1615852800   26007.00   2021.20329   -1.032   -4.265   0.939
1616716800   26017.00   2021.23066   1.888   -4.273   0.220
1617580800   26027.00   2021.25804   -0.617   -4.282   -0.711
1618444800   26037.00   2021.28542   -6.262   -4.291   -1.833
1619308800   26047.00   2021.31280   -6.883   -4.300   -3.109
1620172800   26057.00   2021.34018   -7.071   -4.308   -4.485
1621036800   26067.00   2021.36756   -6.937   -4.317   -5.898
1621900800   26077.00   2021.39493   -8.672   -4.326   -7.274
1622764800   26087.00   2021.42231   -1.216   -4.335   -8.541
1623628800   26097.00   2021.44969   -5.696   -4.343   -9.630
1624492800   26107.00   2021.47707   -12.443   -4.352   -10.482
1625356800   26117.00   2021.50445   -10.741   -4.361   -11.054
1626220800   26127.00   2021.53183   -4.666   -4.369   -11.322
1627084800   26137.00   2021.55921   -9.722   -4.378   -11.282
1627948800   26147.00   2021.58658   -11.770   -4.387   -10.948
1628812800   26157.00   2021.61396   -6.597   -4.396   -10.355
1629676800   26167.00   2021.64134   -3.615   -4.404   -9.550
1630540800   26177.00   2021.66872   -2.980   -4.413   -8.590
1631404800   26187.00   2021.69610   0.727   -4.422   -7.536
1632268800   26197.00   2021.72348   -4.204   -4.430   -6.445
1633132800   26207.00   2021.75086   -2.067   -4.439   -5.370
1633996800   26217.00   2021.77823   2.557   -4.448   -4.353
1634860800   26227.00   2021.80561   3.477   -4.457   -3.422
1635724800   26237.00   2021.83299   -5.019   -4.465   -2.591
1636588800   26247.00   2021.86037   2.430   -4.474   -1.864
1637452800   26257.00   2021.88775   3.652   -4.483   -1.232
1638316800   26267.00   2021.91513   0.353   -4.491   -0.682
1639180800   26277.00   2021.94251   2.184   -4.500   -0.197
1640044800   26287.00   2021.96988   1.804   -4.509   0.234
1640908800   26297.00   2021.99726   1.282   -4.518   0.621
1641772800   26307.00   2022.02464   2.620   -4.526   0.963
1642636800   26317.00   2022.05202   3.029   -4.535   1.248
1643500800   26327.00   2022.07940   9.890   -4.544   1.457
1644364800   26337.00   2022.10678   5.705   -4.553   1.562
1645228800   26347.00   2022.13415   9.092   -4.561   1.531
1646092800   26357.00   2022.16153   5.473   -4.570   1.332
1646956800   26367.00   2022.18891   6.088   -4.579   0.939
1647820800   26377.00   2022.21629   0.752   -4.587   0.334
1648684800   26387.00   2022.24367   -5.423   -4.596   -0.487
1649548800   26397.00   2022.27105   2.012   -4.605   -1.512
1650412800   26407.00   2022.29843   -5.163   -4.614   -2.713
1651276800   26417.00   2022.32580   -1.537   -4.622   -4.045
1652140800   26427.00   2022.35318   -8.455   -4.631   -5.447
1653004800   26437.00   2022.38056   -8.189   -4.640   -6.851
1648684800   26387.00   2022.24367   -5.423   -4.596   -0.487
1649548800   26397.00   2022.27105   2.012   -4.605   -1.512
1650412800   26407.00   2022.29843   -5.163   -4.614   -2.713
1651276800   26417.00   2022.32580   -1.537   -4.622   -4.045
1652140800   26427.00   2022.35318   -8.455   -4.631   -5.447
1653004800   26437.00   2022.38056   -8.189   -4.640   -6.851
1653868800   26447.00   2022.40794   -9.478   -4.648   -8.185
1654732800   26457.00   2022.43532   -12.888   -4.657   -9.375
1655596800   26467.00   2022.46270   -12.307   -4.666   -10.358
1656460800   26477.00   2022.49008   -11.063   -4.675   -11.081
1657324800   26487.00   2022.51745   -13.221   -4.683   -11.511
1658188800   26497.00   2022.54483   -13.573   -4.692   -11.632
1659052800   26507.00   2022.57221   -15.065   -4.701   -11.449
1659916800   26517.00   2022.59959   -18.424   -4.710   -10.987
1660780800   26527.00   2022.62697   -12.678   -4.718   -10.287
1661644800   26537.00   2022.65435   -13.721   -4.727   -9.401
1662508800   26547.00   2022.68172   -11.424   -4.736   -8.388
1663372800   26557.00   2022.70910   -9.696   -4.744   -7.309
1664236800   26567.00   2022.73648   -9.406   -4.753   -6.221
1665100800   26577.00   2022.76386   -6.419   -4.762   -5.169
1665964800   26587.00   2022.79124   -5.837   -4.771   -4.190
1666828800   26597.00   2022.81862   -4.630   -4.779   -3.305
  Made with thegraceplotter.com, by CNES/GRGS
  Website by Stellar Space Studies
  Thu Apr 06 2023 15:42:16 GMT+0200 (Midden-Europese zomertijd)
  Thank you for using thegraceplotter.com