 GRACE gravity data extraction 
 Data: COST-G RL01 monthly solutions (filtered with DDK5)
 Functional: Equivalent Water Heights
 Area type: Hudson basin
 Grid points and weights used for computation: 3
	1 (42.5°N, 73.5°W) 0.737277336810
	2 (41.5°N, 73.5°W) 0.748955720789
	3 (40.5°N, 74.5°W) 0.760405965600
 Surface area: 27778 km² or 3 deg² (mean latitude 41.500°N)
 Statistics:
	Number of dates: 209
	Min: -16.246 cm
	Max: 15.01 cm
	Mean: 0.228 cm
	Standard deviation: 5.27 cm
	Root mean square: 5.275 cm
 Linear model:
	Least square adjustment: y=A+B(t-t0)
	Reference date: 2008/01/01
	Bias at reference date: 0.961 cm
	Trend: -0.179 cm/year
	RMS of residuals (series-model): 5.156 cm
 Periodic model:
	Least square adjustment: y=A+B(t-t0)
	+Ccos(ω(t-t0))+Dsin(ω(t-t0))
	+Ecos(2ω(t-t0))+Fsin(2ω(t-t0))
	Reference date: 2008/01/01
	Bias at reference date: 0.91 cm
	Trend: -0.178 cm/year
	Annual cos/sin: 2.591 cm, 3.288 cm
	Annual amplitude: 4.186 cm
	Annual phase: -51.762° (max on Feb 22)
	Semiannual cos/sin: 0.33 cm, -0.332 cm
	Semiannual amplitude: 0.468 cm
	Semiannual phase: 45.161° (max on Jun 08/Dec 08)
	RMS of residuals (series-model): 4.214 cm
 Numerical data:
	Column 1: Time (seconds since 1970/01/01)
	Column 2: Time (days since 1950/01/01)
	Column 3: Time (years)
	Column 4: Equivalent Water Heights (cm)
	Column 5: Linear model (cm)
	Column 6: Periodic model (cm)
	From EWH cm to gigatons: multiply by area/100000 ≅ 0.277781
1019088000   19100.00   2002.29295   -4.031   1.982   4.271
1020988800   19122.00   2002.35318   -0.778   1.972   3.174
 1024185600   19159.00   2002.45448   NaN   1.953   0.761
 1026820800   19189.50   2002.53799   NaN   1.938   -1.301
1029499200   19220.50   2002.62286   -7.048   1.923   -2.615
1032134400   19251.00   2002.70637   -7.759   1.908   -2.452
1034769600   19281.50   2002.78987   -5.391   1.893   -0.798
1037404800   19312.00   2002.87337   -4.635   1.878   1.654
1040040000   19342.50   2002.95688   15.010   1.864   3.909
1042718400   19373.50   2003.04175   3.817   1.848   5.281
1045267200   19403.00   2003.12252   7.849   1.834   5.605
1047816000   19432.50   2003.20329   9.306   1.819   5.191
1050451200   19463.00   2003.28679   7.504   1.805   4.188
1052654400   19488.50   2003.35661   0.885   1.792   2.925
 1055721600   19524.00   2003.45380   NaN   1.775   0.601
1058356800   19554.50   2003.53730   0.834   1.760   -1.464
1061035200   19585.50   2003.62218   0.277   1.745   -2.788
1063670400   19616.00   2003.70568   3.785   1.730   -2.638
1066305600   19646.50   2003.78919   4.721   1.715   -0.995
1068940800   19677.00   2003.87269   4.088   1.700   1.456
1071576000   19707.50   2003.95619   6.625   1.685   3.716
1073476800   19729.50   2004.01643   7.434   1.674   4.809
1076976000   19770.00   2004.12731   7.258   1.654   5.420
1079438400   19798.50   2004.20534   3.175   1.640   4.995
1082073600   19829.00   2004.28884   1.365   1.625   3.979
1084708800   19859.50   2004.37235   7.284   1.610   2.409
1087344000   19890.00   2004.45585   1.080   1.595   0.370
1089979200   19920.50   2004.53936   1.228   1.580   -1.687
1092657600   19951.50   2004.62423   1.281   1.565   -2.981
1095292800   19982.00   2004.70773   14.069   1.550   -2.792
1097928000   20012.50   2004.79124   5.519   1.535   -1.118
1100563200   20043.00   2004.87474   4.205   1.520   1.339
1103198400   20073.50   2004.95825   1.838   1.505   3.584
1105876800   20104.50   2005.04312   4.476   1.490   4.938
1108425600   20134.00   2005.12389   5.182   1.476   5.247
1110974400   20163.50   2005.20465   7.264   1.461   4.823
1113609600   20194.00   2005.28816   4.492   1.446   3.811
1116244800   20224.50   2005.37166   1.201   1.432   2.246
1118880000   20255.00   2005.45517   -1.319   1.417   0.210
1121515200   20285.50   2005.53867   -2.385   1.402   -1.850
1124193600   20316.50   2005.62355   -6.804   1.386   -3.154
1126828800   20347.00   2005.70705   -6.032   1.371   -2.978
1129464000   20377.50   2005.79055   -0.822   1.357   -1.314
1132099200   20408.00   2005.87406   6.543   1.342   1.141
1134734400   20438.50   2005.95756   7.400   1.327   3.390
1137412800   20469.50   2006.04244   9.096   1.311   4.753
1139961600   20499.00   2006.12320   6.891   1.297   5.070
1142510400   20528.50   2006.20397   4.984   1.283   4.651
1145145600   20559.00   2006.28747   -0.547   1.268   3.644
1147780800   20589.50   2006.37098   -1.641   1.253   2.083
1150416000   20620.00   2006.45448   -0.105   1.238   0.049
1153051200   20650.50   2006.53799   2.549   1.223   -2.013
1155729600   20681.50   2006.62286   -3.248   1.208   -3.327
1158364800   20712.00   2006.70637   0.661   1.193   -3.164
1161000000   20742.50   2006.78987   -1.993   1.178   -1.511
1163635200   20773.00   2006.87337   0.343   1.163   0.942
1166270400   20803.50   2006.95688   3.086   1.148   3.197
1168948800   20834.50   2007.04175   -3.997   1.133   4.568
1171454400   20863.50   2007.12115   -0.058   1.118   4.894
1174046400   20893.50   2007.20329   3.579   1.104   4.479
1176681600   20924.00   2007.28679   2.104   1.089   3.476
1179316800   20954.50   2007.37029   -0.671   1.074   1.920
1181952000   20985.00   2007.45380   -3.708   1.059   -0.111
1184587200   21015.50   2007.53730   -1.255   1.044   -2.176
1187265600   21046.50   2007.62218   -7.779   1.029   -3.500
1189900800   21077.00   2007.70568   -7.276   1.014   -3.350
1192536000   21107.50   2007.78919   -8.231   0.999   -1.707
1195171200   21138.00   2007.87269   -3.114   0.984   0.743
1197806400   21168.50   2007.95619   2.612   0.969   3.004
1200484800   21199.50   2008.04107   -0.053   0.954   4.384
1203076800   21229.50   2008.12320   8.152   0.939   4.714
1205668800   21259.50   2008.20534   7.546   0.925   4.282
1208304000   21290.00   2008.28884   1.967   0.910   3.266
1210939200   21320.50   2008.37235   0.202   0.895   1.697
1213574400   21351.00   2008.45585   -2.658   0.880   -0.342
1216209600   21381.50   2008.53936   -4.556   0.865   -2.399
1218888000   21412.50   2008.62423   -6.209   0.850   -3.694
1221523200   21443.00   2008.70773   -3.411   0.835   -3.504
1224158400   21473.50   2008.79124   -3.704   0.820   -1.830
1226793600   21504.00   2008.87474   0.264   0.805   0.627
1229428800   21534.50   2008.95825   2.822   0.790   2.871
1232107200   21565.50   2009.04312   7.258   0.775   4.225
1234656000   21595.00   2009.12389   0.300   0.760   4.535
1237204800   21624.50   2009.20465   0.382   0.746   4.110
1239840000   21655.00   2009.28816   0.927   0.731   3.099
1242475200   21685.50   2009.37166   -1.209   0.716   1.533
1245110400   21716.00   2009.45517   3.965   0.701   -0.503
1247745600   21746.50   2009.53867   1.821   0.686   -2.562
1250424000   21777.50   2009.62355   0.012   0.671   -3.867
1253059200   21808.00   2009.70705   2.938   0.656   -3.691
1255694400   21838.50   2009.79055   2.489   0.641   -2.027
1258329600   21869.00   2009.87406   3.937   0.626   0.428
1260964800   21899.50   2009.95756   2.050   0.611   2.678
1263643200   21930.50   2010.04244   0.873   0.596   4.041
1266192000   21960.00   2010.12320   3.554   0.581   4.357
1268740800   21989.50   2010.20397   4.295   0.567   3.938
1271376000   22020.00   2010.28747   6.736   0.552   2.931
1274011200   22050.50   2010.37098   1.377   0.537   1.370
1276646400   22081.00   2010.45448   -2.002   0.522   -0.663
1279281600   22111.50   2010.53799   -4.418   0.507   -2.726
1281960000   22142.50   2010.62286   -7.814   0.492   -4.040
1284595200   22173.00   2010.70637   -5.586   0.477   -3.877
1287230400   22203.50   2010.78987   -1.069   0.462   -2.223
1289865600   22234.00   2010.87337   0.756   0.447   0.230
1292328000   22262.50   2010.95140   -1.602   0.433   2.360
 1295179200   22295.50   2011.04175   NaN   0.417   3.856
1298030400   22328.50   2011.13210   1.091   0.401   4.164
1300276800   22354.50   2011.20329   4.269   0.388   3.766
1302912000   22385.00   2011.28679   0.280   0.373   2.764
1305547200   22415.50   2011.37029   3.003   0.358   1.207
 1308182400   22446.00   2011.45380   NaN   0.343   -0.824
1310990400   22478.50   2011.54278   -2.935   0.327   -3.007
1313496000   22507.50   2011.62218   -4.174   0.313   -4.213
1316131200   22538.00   2011.70568   5.066   0.298   -4.063
1318766400   22568.50   2011.78919   1.594   0.283   -2.419
 1321401600   22599.00   2011.87269   NaN   0.268   0.031
1325030400   22641.00   2011.98768   2.179   0.248   2.931
1326715200   22660.50   2012.04107   2.555   0.238   3.671
1329307200   22690.50   2012.12320   9.842   0.224   4.001
1331899200   22720.50   2012.20534   -1.178   0.209   3.570
1333497600   22739.00   2012.25599   -1.527   0.200   3.019
 1337169600   22781.50   2012.37235   NaN   0.179   0.984
1339804800   22812.00   2012.45585   -8.695   0.164   -1.055
1342440000   22842.50   2012.53936   -10.023   0.149   -3.112
1345118400   22873.50   2012.62423   -7.173   0.134   -4.406
1347537600   22901.50   2012.70089   -6.875   0.120   -4.293
 1350388800   22934.50   2012.79124   NaN   0.104   -2.543
1353240000   22967.50   2012.88159   -0.842   0.088   0.119
1355659200   22995.50   2012.95825   2.507   0.074   2.159
1358337600   23026.50   2013.04312   2.998   0.059   3.513
1360800000   23055.00   2013.12115   1.587   0.045   3.825
 1363435200   23085.50   2013.20465   NaN   0.030   3.398
1366502400   23121.00   2013.30185   6.406   0.013   2.168
1368705600   23146.50   2013.37166   1.670   0.000   0.821
1371340800   23177.00   2013.45517   3.430   -0.015   -1.215
1373976000   23207.50   2013.53867   3.508   -0.030   -3.275
 1376654400   23238.50   2013.62355   NaN   -0.045   -4.579
 1379289600   23269.00   2013.70705   NaN   -0.060   -4.403
1381924800   23299.50   2013.79055   -2.750   -0.075   -2.739
1384560000   23330.00   2013.87406   -4.159   -0.090   -0.284
1387195200   23360.50   2013.95756   -0.601   -0.105   1.966
1389268800   23384.50   2014.02327   6.267   -0.116   3.117
 1392422400   23421.00   2014.12320   NaN   -0.134   3.645
1394971200   23450.50   2014.20397   3.471   -0.149   3.226
1397606400   23481.00   2014.28747   1.297   -0.164   2.219
1400241600   23511.50   2014.37098   -2.255   -0.179   0.658
1402617600   23539.00   2014.44627   -0.894   -0.192   -1.164
 1405512000   23572.50   2014.53799   NaN   -0.208   -3.438
1408190400   23603.50   2014.62286   -4.022   -0.224   -4.752
1410825600   23634.00   2014.70637   -11.064   -0.239   -4.589
1413460800   23664.50   2014.78987   -9.509   -0.254   -2.935
1416096000   23695.00   2014.87337   -3.131   -0.268   -0.483
 1418731200   23725.50   2014.95688   NaN   -0.283   1.772
 1421409600   23756.50   2015.04175   NaN   -0.299   3.144
 1423958400   23786.00   2015.12252   NaN   -0.313   3.468
1426507200   23815.50   2015.20329   3.229   -0.328   3.054
1429142400   23846.00   2015.28679   -0.441   -0.342   2.051
 1431777600   23876.50   2015.37029   NaN   -0.357   0.495
 1434412800   23907.00   2015.45380   NaN   -0.372   -1.536
1436961600   23936.50   2015.53457   -5.081   -0.387   -3.541
1439726400   23968.50   2015.62218   -8.435   -0.402   -4.925
1442232000   23997.50   2015.70157   -6.956   -0.417   -4.820
 1444996800   24029.50   2015.78919   NaN   -0.432   -3.132
 1447632000   24060.00   2015.87269   NaN   -0.447   -0.682
1450828800   24097.00   2015.97399   -0.002   -0.465   1.958
1452945600   24121.50   2016.04107   2.093   -0.477   2.959
1455408000   24150.00   2016.11910   3.087   -0.491   3.293
1458129600   24181.50   2016.20534   1.541   -0.507   2.858
 1460764800   24212.00   2016.28884   NaN   -0.522   1.842
1463702400   24246.00   2016.38193   0.718   -0.538   0.057
1466035200   24273.00   2016.45585   -4.648   -0.552   -1.767
1468584000   24302.50   2016.53662   -7.381   -0.566   -3.764
1471780800   24339.50   2016.63792   -10.833   -0.584   -5.198
 1473984000   24365.00   2016.70773   NaN   -0.597   -4.929
 1476619200   24395.50   2016.79124   NaN   -0.612   -3.255
1480248000   24437.50   2016.90623   -3.394   -0.632   0.123
1482148800   24459.50   2016.96646   1.625   -0.643   1.625
1484697600   24489.00   2017.04723   -1.059   -0.657   2.838
 1487116800   24517.00   2017.12389   NaN   -0.671   3.110
1490961600   24561.50   2017.24572   -4.792   -0.693   2.256
1492646400   24581.00   2017.29911   7.243   -0.702   1.501
1494936000   24607.50   2017.37166   -0.123   -0.715   0.109
1497139200   24633.00   2017.44148   -1.647   -0.728   -1.575
 1500206400   24668.50   2017.53867   NaN   -0.745   -3.987
 1502884800   24699.50   2017.62355   NaN   -0.761   -5.291
 1505520000   24730.00   2017.70705   NaN   -0.775   -5.115
 1508155200   24760.50   2017.79055   NaN   -0.790   -3.451
 1510790400   24791.00   2017.87406   NaN   -0.805   -0.996
 1513425600   24821.50   2017.95756   NaN   -0.820   1.253
 1516104000   24852.50   2018.04244   NaN   -0.835   2.616
 1518652800   24882.00   2018.12320   NaN   -0.850   2.933
 1521201600   24911.50   2018.20397   NaN   -0.864   2.514
 1523836800   24942.00   2018.28747   NaN   -0.879   1.507
 1526472000   24972.50   2018.37098   NaN   -0.894   -0.054
1529107200   25003.00   2018.45448   1.017   -0.909   -2.088
1531180800   25027.00   2018.52019   -2.619   -0.921   -3.745
 1534420800   25064.50   2018.62286   NaN   -0.939   -5.464
 1537056000   25095.00   2018.70637   NaN   -0.954   -5.301
1540987200   25140.50   2018.83094   -8.269   -0.977   -2.479
1542326400   25156.00   2018.87337   3.858   -0.984   -1.195
1544961600   25186.50   2018.95688   8.341   -0.999   1.060
1547640000   25217.50   2019.04175   4.945   -1.014   2.431
1550188800   25247.00   2019.12252   1.556   -1.029   2.755
1552737600   25276.50   2019.20329   7.327   -1.043   2.342
1555372800   25307.00   2019.28679   1.999   -1.058   1.339
1558008000   25337.50   2019.37029   8.142   -1.073   -0.217
1560643200   25368.00   2019.45380   6.534   -1.088   -2.248
1563278400   25398.50   2019.53730   -1.188   -1.103   -4.313
1565956800   25429.50   2019.62218   -2.773   -1.118   -5.637
1568592000   25460.00   2019.70568   -6.422   -1.133   -5.487
1571227200   25490.50   2019.78919   -4.153   -1.148   -3.844
1573862400   25521.00   2019.87269   4.537   -1.163   -1.394
1576497600   25551.50   2019.95619   0.421   -1.178   0.866
1579176000   25582.50   2020.04107   9.612   -1.193   2.247
1581768000   25612.50   2020.12320   1.631   -1.208   2.577
1584360000   25642.50   2020.20534   5.112   -1.222   2.145
1586995200   25673.00   2020.28884   1.030   -1.237   1.129
1589630400   25703.50   2020.37235   1.239   -1.252   -0.441
1592265600   25734.00   2020.45585   -7.749   -1.267   -2.479
1594900800   25764.50   2020.53936   -3.419   -1.282   -4.536
1597579200   25795.50   2020.62423   -6.625   -1.297   -5.831
1600214400   25826.00   2020.70773   -13.206   -1.312   -5.641
1602849600   25856.50   2020.79124   -4.133   -1.327   -3.968
1605484800   25887.00   2020.87474   -15.622   -1.342   -1.510
1608120000   25917.50   2020.95825   -1.731   -1.357   0.734
1610798400   25948.50   2021.04312   -0.227   -1.372   2.088
1613347200   25978.00   2021.12389   2.822   -1.387   2.398
1615896000   26007.50   2021.20465   0.818   -1.401   1.973
1618531200   26038.00   2021.28816   1.754   -1.416   0.962
1621166400   26068.50   2021.37166   -0.630   -1.431   -0.604
1623801600   26099.00   2021.45517   3.445   -1.446   -2.640
1626436800   26129.50   2021.53867   -2.217   -1.461   -4.699
1629115200   26160.50   2021.62355   0.524   -1.476   -6.004
1631750400   26191.00   2021.70705   2.064   -1.491   -5.828
1634385600   26221.50   2021.79055   -4.045   -1.506   -4.164
1637020800   26252.00   2021.87406   1.796   -1.521   -1.709
1639656000   26282.50   2021.95756   4.251   -1.536   0.541
1642334400   26313.50   2022.04244   -10.770   -1.551   1.904
1644883200   26343.00   2022.12320   11.614   -1.566   2.220
1647432000   26372.50   2022.20397   12.222   -1.580   1.801
1650067200   26403.00   2022.28747   1.791   -1.595   0.794
1652702400   26433.50   2022.37098   3.649   -1.610   -0.767
1655337600   26464.00   2022.45448   -6.093   -1.625   -2.800
1657972800   26494.50   2022.53799   -8.242   -1.640   -4.863
1660651200   26525.50   2022.62286   -16.246   -1.655   -6.177
1663286400   26556.00   2022.70637   -8.485   -1.670   -6.014
