 GRACE gravity data extraction 
 Data: JPL RL06 monthly solutions (filtered with DDK5)
 Functional: Equivalent Water Heights
 Area type: Hudson basin
 Grid points and weights used for computation: 3
	1 (42.5°N, 73.5°W) 0.737277336810
	2 (41.5°N, 73.5°W) 0.748955720789
	3 (40.5°N, 74.5°W) 0.760405965600
 Surface area: 27778 km² or 3 deg² (mean latitude 41.500°N)
 Statistics:
	Number of dates: 203
	Min: -23.947 cm
	Max: 16.373 cm
	Mean: 0.577 cm
	Standard deviation: 6.711 cm
	Root mean square: 6.736 cm
 Linear model:
	Least square adjustment: y=A+B(t-t0)
	Reference date: 2008/01/01
	Bias at reference date: 1.378 cm
	Trend: -0.189 cm/year
	RMS of residuals (series-model): 6.611 cm
 Periodic model:
	Least square adjustment: y=A+B(t-t0)
	+Ccos(ω(t-t0))+Dsin(ω(t-t0))
	+Ecos(2ω(t-t0))+Fsin(2ω(t-t0))
	Reference date: 2008/01/01
	Bias at reference date: 1.17 cm
	Trend: -0.175 cm/year
	Annual cos/sin: 2.553 cm, 4.131 cm
	Annual amplitude: 4.856 cm
	Annual phase: -58.277° (max on Feb 29)
	Semiannual cos/sin: 0.531 cm, -0.546 cm
	Semiannual amplitude: 0.762 cm
	Semiannual phase: 45.789° (max on Jun 08/Dec 08)
	RMS of residuals (series-model): 5.643 cm
 Numerical data:
	Column 1: Time (seconds since 1970/01/01)
	Column 2: Time (days since 1950/01/01)
	Column 3: Time (years)
	Column 4: Equivalent Water Heights (cm)
	Column 5: Linear model (cm)
	Column 6: Periodic model (cm)
	From EWH cm to gigatons: multiply by area/100000 ≅ 0.277781
1019044800   19099.50   2002.29158   -4.771   2.457   5.292
1021032000   19122.50   2002.35455   2.103   2.445   4.233
 1024185600   19159.00   2002.45448   NaN   2.426   1.553
 1026820800   19189.50   2002.53799   NaN   2.411   -1.155
1029499200   19220.50   2002.62286   -11.497   2.395   -3.153
1032134400   19251.00   2002.70637   -16.743   2.379   -3.296
1034769600   19281.50   2002.78987   0.214   2.363   -1.450
1037404800   19312.00   2002.87337   -3.118   2.347   1.487
1040040000   19342.50   2002.95688   11.376   2.331   4.179
1042718400   19373.50   2003.04175   11.890   2.315   5.775
1045267200   19403.00   2003.12252   5.465   2.300   6.201
1047816000   19432.50   2003.20329   5.414   2.285   5.947
1050451200   19463.00   2003.28679   12.443   2.269   5.180
1052654400   19488.50   2003.35661   1.630   2.256   4.015
 1055721600   19524.00   2003.45380   NaN   2.238   1.400
1058356800   19554.50   2003.53730   2.639   2.222   -1.308
1061035200   19585.50   2003.62218   -4.134   2.206   -3.318
1063670400   19616.00   2003.70568   4.606   2.190   -3.478
1066262400   19646.00   2003.78782   5.911   2.174   -1.688
1068940800   19677.00   2003.87269   5.788   2.158   1.287
1071576000   19707.50   2003.95619   5.185   2.143   3.986
1073476800   19729.50   2004.01643   16.373   2.131   5.261
1076976000   19770.00   2004.12731   8.185   2.110   6.027
1079438400   19798.50   2004.20534   7.634   2.095   5.760
1082073600   19829.00   2004.28884   6.890   2.080   4.978
1084708800   19859.50   2004.37235   11.038   2.064   3.494
1087344000   19890.00   2004.45585   -3.376   2.048   1.160
 1089979200   19920.50   2004.53936   NaN   2.032   -1.546
 1092657600   19951.50   2004.62423   NaN   2.016   -3.521
 1095292800   19982.00   2004.70773   NaN   2.000   -3.630
 1097928000   20012.50   2004.79124   NaN   1.985   -1.756
1100563200   20043.00   2004.87474   2.163   1.969   1.187
1103198400   20073.50   2004.95825   -0.185   1.953   3.865
1105876800   20104.50   2005.04312   6.252   1.937   5.441
1108425600   20134.00   2005.12389   5.262   1.922   5.852
1110974400   20163.50   2005.20465   11.246   1.907   5.589
1113609600   20194.00   2005.28816   0.597   1.891   4.813
1116244800   20224.50   2005.37166   1.302   1.875   3.335
1118880000   20255.00   2005.45517   -5.006   1.859   1.007
1121515200   20285.50   2005.53867   -3.286   1.843   -1.700
1124193600   20316.50   2005.62355   -10.479   1.827   -3.687
1126828800   20347.00   2005.70705   -3.575   1.812   -3.813
1129464000   20377.50   2005.79055   -0.473   1.796   -1.952
1132099200   20408.00   2005.87406   3.726   1.780   0.987
1134734400   20438.50   2005.95756   8.273   1.764   3.673
1137412800   20469.50   2006.04244   8.850   1.748   5.259
1139961600   20499.00   2006.12320   5.770   1.733   5.677
1142510400   20528.50   2006.20397   4.377   1.718   5.419
1145145600   20559.00   2006.28747   -1.807   1.702   4.647
1147780800   20589.50   2006.37098   3.059   1.686   3.176
1150416000   20620.00   2006.45448   -0.220   1.670   0.854
1153051200   20650.50   2006.53799   5.526   1.654   -1.853
1155729600   20681.50   2006.62286   -5.187   1.638   -3.852
1158364800   20712.00   2006.70637   -2.720   1.623   -3.995
1161000000   20742.50   2006.78987   0.424   1.607   -2.148
1163635200   20773.00   2006.87337   1.531   1.591   0.788
1166270400   20803.50   2006.95688   1.776   1.575   3.480
1168948800   20834.50   2007.04175   0.823   1.559   5.076
1171497600   20864.00   2007.12252   1.460   1.544   5.503
1174046400   20893.50   2007.20329   2.047   1.529   5.248
1176681600   20924.00   2007.28679   2.446   1.513   4.481
1179316800   20954.50   2007.37029   2.392   1.497   3.017
1181952000   20985.00   2007.45380   -7.896   1.481   0.701
1184587200   21015.50   2007.53730   -1.328   1.466   -2.007
1187265600   21046.50   2007.62218   -12.928   1.449   -4.017
1189900800   21077.00   2007.70568   -9.503   1.434   -4.177
1192536000   21107.50   2007.78919   -4.846   1.418   -2.345
1195171200   21138.00   2007.87269   -2.849   1.402   0.588
1197806400   21168.50   2007.95619   6.571   1.386   3.287
1200484800   21199.50   2008.04107   0.846   1.370   4.894
1203076800   21229.50   2008.12320   13.223   1.355   5.328
1205668800   21259.50   2008.20534   12.461   1.339   5.061
1208304000   21290.00   2008.28884   0.495   1.323   4.280
1210939200   21320.50   2008.37235   -0.479   1.308   2.795
1213574400   21351.00   2008.45585   -0.198   1.292   0.461
1216209600   21381.50   2008.53936   -8.387   1.276   -2.245
1218888000   21412.50   2008.62423   -3.993   1.260   -4.220
1221523200   21443.00   2008.70773   -2.132   1.244   -4.329
1224158400   21473.50   2008.79124   -3.756   1.228   -2.455
1226793600   21504.00   2008.87474   -1.535   1.213   0.488
1229428800   21534.50   2008.95825   8.693   1.197   3.167
1232107200   21565.50   2009.04312   9.705   1.181   4.742
1234656000   21595.00   2009.12389   -1.685   1.166   5.153
1237204800   21624.50   2009.20465   -0.927   1.150   4.891
1239840000   21655.00   2009.28816   4.026   1.135   4.114
1242475200   21685.50   2009.37166   -3.400   1.119   2.636
1245110400   21716.00   2009.45517   3.128   1.103   0.308
1247745600   21746.50   2009.53867   6.609   1.087   -2.398
1250424000   21777.50   2009.62355   4.435   1.071   -4.385
1253059200   21808.00   2009.70705   5.141   1.055   -4.512
1255694400   21838.50   2009.79055   1.732   1.040   -2.651
1258329600   21869.00   2009.87406   7.854   1.024   0.289
1260964800   21899.50   2009.95756   5.185   1.008   2.974
1263643200   21930.50   2010.04244   4.704   0.992   4.560
1266192000   21960.00   2010.12320   6.050   0.977   4.979
1268740800   21989.50   2010.20397   5.770   0.961   4.720
1271376000   22020.00   2010.28747   7.549   0.946   3.948
1274011200   22050.50   2010.37098   1.852   0.930   2.477
1276646400   22081.00   2010.45448   3.904   0.914   0.155
1279281600   22111.50   2010.53799   -2.982   0.898   -2.552
1281960000   22142.50   2010.62286   -5.382   0.882   -4.550
1284595200   22173.00   2010.70637   -3.704   0.866   -4.694
1287230400   22203.50   2010.78987   -2.809   0.851   -2.847
1289865600   22234.00   2010.87337   2.349   0.835   0.089
1292328000   22262.50   2010.95140   -6.535   0.820   2.634
 1295179200   22295.50   2011.04175   NaN   0.803   4.377
1298030400   22328.50   2011.13210   2.316   0.786   4.802
1300276800   22354.50   2011.20329   10.505   0.772   4.550
1302912000   22385.00   2011.28679   2.652   0.757   3.782
1305547200   22415.50   2011.37029   3.199   0.741   2.318
 1308182400   22446.00   2011.45380   NaN   0.725   0.003
1310990400   22478.50   2011.54278   0.483   0.708   -2.872
1313496000   22507.50   2011.62218   -6.084   0.693   -4.715
1316131200   22538.00   2011.70568   5.774   0.677   -4.876
1318766400   22568.50   2011.78919   0.779   0.662   -3.043
1320148800   22584.50   2011.83299   5.693   0.653   -1.556
1325376000   22645.00   2011.99863   2.488   0.622   3.556
1326715200   22660.50   2012.04107   3.240   0.614   4.195
1329307200   22690.50   2012.12320   9.300   0.599   4.629
1331899200   22720.50   2012.20534   -2.625   0.583   4.362
 1334534400   22751.00   2012.28884   NaN   0.567   3.581
 1337169600   22781.50   2012.37235   NaN   0.551   2.097
 1339804800   22812.00   2012.45585   NaN   0.536   -0.238
 1342440000   22842.50   2012.53936   NaN   0.520   -2.943
1345118400   22873.50   2012.62423   -7.583   0.504   -4.919
1347494400   22901.00   2012.69952   -4.514   0.490   -5.112
 1350388800   22934.50   2012.79124   NaN   0.472   -3.154
1353240000   22967.50   2012.88159   -6.967   0.455   0.036
1355659200   22995.50   2012.95825   3.616   0.441   2.468
1358337600   23026.50   2013.04312   4.913   0.425   4.043
1360800000   23055.00   2013.12115   1.798   0.410   4.454
 1363435200   23085.50   2013.20465   NaN   0.394   4.192
1366502400   23121.00   2013.30185   0.649   0.376   3.229
1368705600   23146.50   2013.37166   4.167   0.362   1.938
1371340800   23177.00   2013.45517   3.340   0.347   -0.390
1373976000   23207.50   2013.53867   3.316   0.331   -3.097
 1376654400   23238.50   2013.62355   NaN   0.315   -5.084
 1379289600   23269.00   2013.70705   NaN   0.299   -5.210
1381924800   23299.50   2013.79055   -0.588   0.283   -3.350
1384560000   23330.00   2013.87406   -2.609   0.268   -0.410
1387195200   23360.50   2013.95756   5.579   0.252   2.275
1389268800   23384.50   2014.02327   -3.248   0.239   3.617
 1392422400   23421.00   2014.12320   NaN   0.220   4.280
1394971200   23450.50   2014.20397   9.548   0.205   4.021
1397606400   23481.00   2014.28747   2.287   0.189   3.249
1400241600   23511.50   2014.37098   0.312   0.174   1.779
1402617600   23539.00   2014.44627   -0.057   0.159   -0.284
 1405512000   23572.50   2014.53799   NaN   0.142   -3.251
1408190400   23603.50   2014.62286   -5.685   0.126   -5.249
1410825600   23634.00   2014.70637   -7.244   0.110   -5.393
1413460800   23664.50   2014.78987   -23.947   0.094   -3.546
1416182400   23696.00   2014.87611   -11.422   0.078   -0.511
 1418731200   23725.50   2014.95688   NaN   0.063   2.082
 1421928000   23762.50   2015.05818   NaN   0.044   3.841
 1423958400   23786.00   2015.12252   NaN   0.031   4.105
1426507200   23815.50   2015.20329   0.552   0.016   3.851
1430092800   23857.00   2015.31691   1.706   -0.005   2.651
 1431777600   23876.50   2015.37029   NaN   -0.015   1.620
 1434412800   23907.00   2015.45380   NaN   -0.031   -0.696
1436961600   23936.50   2015.53457   -6.172   -0.046   -3.320
1439726400   23968.50   2015.62218   -9.278   -0.063   -5.414
1442232000   23997.50   2015.70157   -7.908   -0.078   -5.617
 1444996800   24029.50   2015.78919   NaN   -0.095   -3.742
 1447632000   24060.00   2015.87269   NaN   -0.110   -0.809
1450872000   24097.50   2015.97536   -5.390   -0.130   2.367
1452945600   24121.50   2016.04107   7.238   -0.142   3.496
1455408000   24150.00   2016.11910   3.891   -0.157   3.929
1458129600   24181.50   2016.20534   4.142   -0.173   3.664
 1460764800   24212.00   2016.28884   NaN   -0.189   2.882
1463702400   24246.00   2016.38193   1.302   -0.207   1.171
1466035200   24273.00   2016.45585   -12.102   -0.221   -0.936
1468584000   24302.50   2016.53662   -4.930   -0.236   -3.558
1471780800   24339.50   2016.63792   -6.130   -0.255   -5.779
 1473984000   24365.00   2016.70773   NaN   -0.268   -5.727
 1476619200   24395.50   2016.79124   NaN   -0.284   -3.852
1480248000   24437.50   2016.90623   -3.643   -0.306   0.196
1482580800   24464.50   2016.98015   -6.950   -0.320   2.301
1484956800   24492.00   2017.05544   -7.630   -0.334   3.467
 1487116800   24517.00   2017.12389   NaN   -0.347   3.756
1490961600   24561.50   2017.24572   -19.141   -0.370   3.180
1493035200   24585.50   2017.31143   15.493   -0.382   2.388
1494590400   24603.50   2017.36071   6.643   -0.392   1.482
1497139200   24633.00   2017.44148   6.790   -0.407   -0.659
 1500206400   24668.50   2017.53867   NaN   -0.425   -3.796
 1502884800   24699.50   2017.62355   NaN   -0.441   -5.783
 1505520000   24730.00   2017.70705   NaN   -0.457   -5.909
 1508155200   24760.50   2017.79055   NaN   -0.473   -4.049
 1510790400   24791.00   2017.87406   NaN   -0.489   -1.109
 1513425600   24821.50   2017.95756   NaN   -0.505   1.576
 1516104000   24852.50   2018.04244   NaN   -0.521   3.162
 1518652800   24882.00   2018.12320   NaN   -0.536   3.581
 1521201600   24911.50   2018.20397   NaN   -0.551   3.323
 1523836800   24942.00   2018.28747   NaN   -0.567   2.550
 1526472000   24972.50   2018.37098   NaN   -0.583   1.080
1529107200   25003.00   2018.45448   0.935   -0.598   -1.242
1531180800   25027.00   2018.52019   0.157   -0.611   -3.390
 1534420800   25064.50   2018.62286   NaN   -0.630   -5.948
 1537056000   25095.00   2018.70637   NaN   -0.646   -6.091
1540987200   25140.50   2018.83094   -11.376   -0.670   -2.853
1542326400   25156.00   2018.87337   0.303   -0.678   -1.308
1544961600   25186.50   2018.95688   9.674   -0.693   1.384
1547640000   25217.50   2019.04175   4.211   -0.709   2.980
1550102400   25246.00   2019.11978   2.415   -0.724   3.405
1552737600   25276.50   2019.20329   9.181   -0.740   3.152
1555372800   25307.00   2019.28679   0.858   -0.756   2.384
1558008000   25337.50   2019.37029   11.567   -0.772   0.921
1560643200   25368.00   2019.45380   7.653   -0.787   -1.395
1563278400   25398.50   2019.53730   -2.093   -0.803   -4.103
1565956800   25429.50   2019.62218   -2.860   -0.819   -6.113
1568592000   25460.00   2019.70568   -0.845   -0.835   -6.274
1571227200   25490.50   2019.78919   -4.103   -0.851   -4.441
1573862400   25521.00   2019.87269   6.202   -0.867   -1.508
1576497600   25551.50   2019.95619   2.119   -0.882   1.191
1579176000   25582.50   2020.04107   12.748   -0.898   2.797
1581768000   25612.50   2020.12320   -0.045   -0.914   3.232
1584360000   25642.50   2020.20534   4.411   -0.929   2.965
1586995200   25673.00   2020.28884   4.738   -0.945   2.183
1589630400   25703.50   2020.37235   0.371   -0.961   0.699
1592265600   25734.00   2020.45585   -8.611   -0.977   -1.635
1594900800   25764.50   2020.53936   -7.229   -0.993   -4.341
1597579200   25795.50   2020.62423   -4.129   -1.009   -6.316
1600214400   25826.00   2020.70773   -15.100   -1.024   -6.425
1602849600   25856.50   2020.79124   -2.814   -1.040   -4.551
1605484800   25887.00   2020.87474   -15.063   -1.056   -1.608
1608120000   25917.50   2020.95825   -2.804   -1.072   1.070
1610798400   25948.50   2021.04312   -1.592   -1.088   2.646
1613347200   25978.00   2021.12389   6.205   -1.103   3.057
1615896000   26007.50   2021.20465   -1.906   -1.118   2.794
1618531200   26038.00   2021.28816   2.054   -1.134   2.018
1621166400   26068.50   2021.37166   -2.052   -1.150   0.540
1623801600   26099.00   2021.45517   -0.208   -1.166   -1.788
1626436800   26129.50   2021.53867   -6.500   -1.182   -4.495
1629115200   26160.50   2021.62355   2.362   -1.198   -6.482
1631750400   26191.00   2021.70705   2.422   -1.213   -6.608
1634385600   26221.50   2021.79055   -3.771   -1.229   -4.747
1637020800   26252.00   2021.87406   3.856   -1.245   -1.808
1639656000   26282.50   2021.95756   7.687   -1.261   0.878
1642334400   26313.50   2022.04244   -14.088   -1.277   2.463
1644883200   26343.00   2022.12320   13.282   -1.292   2.882
1647432000   26372.50   2022.20397   10.094   -1.307   2.624
1650067200   26403.00   2022.28747   5.474   -1.323   1.852
1652702400   26433.50   2022.37098   5.670   -1.339   0.381
1655337600   26464.00   2022.45448   -3.954   -1.355   -1.941
1657972800   26494.50   2022.53799   -7.699   -1.370   -4.648
1660651200   26525.50   2022.62286   -16.075   -1.387   -6.647
1663286400   26556.00   2022.70637   -8.967   -1.402   -6.790
